1 0.775 0.6520833333333333 0.79140625 0.5729166666666666 0.796875 0.51875 0.796875 0.4618055555555556 0.79140625 0.4201388888888889 0.7671875 0.3284722222222222 0.7671875 0.2534722222222222 0.7734375 0.19652777777777777 0.77265625 0.15625 0.76875 0.14097222222222222 0.761328125 0.12916666666666668 0.741015625 0.125 0.72734375 0.14097222222222222 0.72109375 0.16597222222222222 0.72109375 0.20069444444444445 0.72890625 0.27152777777777776 0.72890625 0.3284722222222222 0.70234375 0.4409722222222222 0.69921875 0.5048611111111111 0.70546875 0.5673611111111111 0.725 0.6576388888888889 0.731640625 0.6638888888888889 0.7625 0.6631944444444444 0.768359375 0.6625 0.775 0.6520833333333333
1 0.6421875 0.6451388888888889 0.6546875 0.5743055555555555 0.6578125 0.5201388888888889 0.65078125 0.4423611111111111 0.62890625 0.3548611111111111 0.62734375 0.3326388888888889 0.6296875 0.26875 0.63515625 0.22847222222222222 0.63515625 0.18680555555555556 0.625390625 0.15694444444444444 0.607421875 0.14722222222222223 0.593359375 0.15555555555555556 0.584375 0.1840277777777778 0.584375 0.22430555555555556 0.590625 0.27708333333333335 0.5921875 0.33125 0.590625 0.3506944444444444 0.5640625 0.46458333333333335 0.5609375 0.5298611111111111 0.56640625 0.5909722222222222 0.58515625 0.68125 0.591796875 0.6888888888888889 0.62109375 0.6895833333333333 0.63203125 0.6840277777777778 0.6421875 0.6451388888888889
1 0.52578125 0.6993055555555555 0.53984375 0.6270833333333333 0.54609375 0.5743055555555555 0.54609375 0.5173611111111112 0.534375 0.4326388888888889 0.5296875 0.40902777777777777 0.51953125 0.3840277777777778 0.515625 0.3506944444444444 0.52265625 0.21597222222222223 0.5140625 0.17430555555555555 0.513671875 0.15694444444444444 0.508984375 0.16527777777777777 0.478515625 0.16666666666666666 0.4796875 0.17430555555555555 0.471875 0.19236111111111112 0.46953125 0.21736111111111112 0.4765625 0.2951388888888889 0.47734375 0.3770833333333333 0.45546875 0.4673611111111111 0.44921875 0.5395833333333333 0.4546875 0.6104166666666667 0.47421875 0.7034722222222223 0.481640625 0.7138888888888889 0.51484375 0.7131944444444445 0.521484375 0.7097222222222223 0.52578125 0.6993055555555555
1 0.39296875 0.6784722222222223 0.4078125 0.6076388888888888 0.415625 0.5423611111111111 0.415625 0.4895833333333333 0.4078125 0.4395833333333333 0.38828125 0.36319444444444443 0.3859375 0.3368055555555556 0.3859375 0.29791666666666666 0.39375 0.21319444444444444 0.39296875 0.18125 0.378515625 0.15138888888888888 0.360546875 0.1486111111111111 0.34609375 0.16458333333333333 0.34140625 0.18819444444444444 0.3421875 0.22430555555555556 0.35 0.29930555555555555 0.3484375 0.34791666666666665 0.32265625 0.4618055555555556 0.3203125 0.5465277777777777 0.328125 0.6104166666666667 0.3453125 0.6854166666666667 0.353515625 0.6902777777777778 0.37890625 0.6895833333333333 0.388671875 0.6875 0.39296875 0.6784722222222223
1 0.27734375 0.6451388888888889 0.29296875 0.5673611111111111 0.29765625 0.5298611111111111 0.2984375 0.47708333333333336 0.29296875 0.4284722222222222 0.26953125 0.3284722222222222 0.26875 0.27847222222222223 0.27578125 0.20347222222222222 0.275 0.16041666666666668 0.2703125 0.14375 0.261328125 0.13055555555555556 0.244921875 0.12638888888888888 0.2296875 0.14375 0.225 0.16319444444444445 0.225 0.20208333333333334 0.23359375 0.2743055555555556 0.2328125 0.31180555555555556 0.22890625 0.3423611111111111 0.20390625 0.45069444444444445 0.20234375 0.5145833333333333 0.2078125 0.5729166666666666 0.22578125 0.65625 0.236328125 0.6652777777777777 0.26796875 0.6645833333333333 0.27265625 0.6604166666666667 0.27734375 0.6451388888888889
1 0.15234375 0.6243055555555556 0.1703125 0.5243055555555556 0.1734375 0.46319444444444446 0.16875 0.41041666666666665 0.14453125 0.3076388888888889 0.1421875 0.27152777777777776 0.15 0.1840277777777778 0.14921875 0.13958333333333334 0.139453125 0.11527777777777778 0.116796875 0.10972222222222222 0.108203125 0.11527777777777778 0.1 0.13958333333333334 0.1 0.18125 0.10859375 0.2604166666666667 0.1078125 0.3076388888888889 0.08203125 0.4173611111111111 0.078125 0.4826388888888889 0.08359375 0.5451388888888888 0.1 0.6284722222222222 0.107421875 0.6402777777777777 0.13125 0.6409722222222223 0.145703125 0.6388888888888888 0.15234375 0.6243055555555556
1 0.346875 0.3506944444444444 0.345703125 0.3402777777777778 0.33359375 0.3923611111111111 0.33046875 0.41180555555555554 0.33359375 0.4131944444444444 0.3421875 0.3798611111111111 0.346875 0.3506944444444444
1 0.3921875 0.1284722222222222 0.386328125 0.11666666666666667 0.379296875 0.1111111111111111 0.361328125 0.1111111111111111 0.353125 0.11875 0.346875 0.13541666666666666 0.345703125 0.16111111111111112 0.361328125 0.1486111111111111 0.375390625 0.15 0.3875 0.16458333333333333 0.39296875 0.18819444444444444 0.396875 0.15347222222222223 0.3921875 0.1284722222222222
1 0.41640625 0.41597222222222224 0.3890625 0.30486111111111114 0.388671875 0.28055555555555556 0.3859375 0.3159722222222222 0.3875 0.35347222222222224 0.409375 0.4465277777777778 0.4171875 0.5048611111111111 0.41953125 0.44930555555555557 0.41640625 0.41597222222222224
1 0.517578125 0.35833333333333334 0.515625 0.3701388888888889 0.51953125 0.3923611111111111 0.53828125 0.45208333333333334 0.53046875 0.40069444444444446 0.517578125 0.35833333333333334
1 0.487890625 0.17222222222222222 0.505078125 0.17083333333333334 0.517578125 0.18333333333333332 0.51796875 0.16041666666666668 0.5140625 0.1451388888888889 0.507421875 0.13333333333333333 0.495703125 0.125 0.478515625 0.13333333333333333 0.4671875 0.16319444444444445 0.4671875 0.19375 0.47109375 0.20347222222222222 0.47734375 0.1840277777777778 0.487890625 0.17222222222222222
1 0.4578125 0.46041666666666664 0.478125 0.3715277777777778 0.484375 0.3701388888888889 0.48046875 0.35208333333333336 0.48359375 0.3368055555555556 0.47890625 0.33402777777777776 0.475390625 0.31666666666666665 0.446875 0.4479166666666667 0.44453125 0.5118055555555555 0.4484375 0.5395833333333333 0.45078125 0.5006944444444444 0.4578125 0.46041666666666664
1 0.6640625 0.4326388888888889 0.6375 0.3090277777777778 0.6359375 0.26319444444444445 0.64296875 0.18125 0.64296875 0.13958333333333334 0.632421875 0.11388888888888889 0.606640625 0.1125 0.596875 0.12708333333333333 0.59296875 0.15069444444444444 0.596484375 0.15416666666666667 0.612109375 0.14722222222222223 0.622265625 0.1527777777777778 0.6296875 0.16458333333333333 0.63515625 0.18680555555555556 0.634375 0.24097222222222223 0.628125 0.2951388888888889 0.628125 0.3423611111111111 0.65078125 0.43680555555555556 0.65625 0.47708333333333336 0.659375 0.5423611111111111 0.6640625 0.5048611111111111 0.6640625 0.4326388888888889
1 0.884375 0.61875 0.8984375 0.5368055555555555 0.903125 0.45625 0.89453125 0.3840277777777778 0.8734375 0.30069444444444443 0.87265625 0.24791666666666667 0.88046875 0.17152777777777778 0.8796875 0.13402777777777777 0.869921875 0.1125 0.845703125 0.1111111111111111 0.837890625 0.11527777777777778 0.82890625 0.13958333333333334 0.8296875 0.19652777777777777 0.83828125 0.2520833333333333 0.8390625 0.28125 0.8375 0.3034722222222222 0.81171875 0.4048611111111111 0.8078125 0.43680555555555556 0.8078125 0.4798611111111111 0.81328125 0.54375 0.83125 0.6298611111111111 0.837109375 0.6375 0.8625 0.6381944444444444 0.875390625 0.6361111111111111 0.884375 0.61875