1 0.06487695749440715 0.4904921700223714 0.06152125279642058 0.44351230425055926 0.05201342281879195 0.43400447427293065 0.0436241610738255 0.4546979865771812 0.03691275167785235 0.49272930648769575 0.03803131991051454 0.5329977628635347 0.0447427293064877 0.54082774049217 0.058165548098434 0.5162192393736018 0.06487695749440715 0.4904921700223714
1 0.20693512304250558 0.5016778523489933 0.1935123042505593 0.44686800894854584 0.15659955257270694 0.3864653243847875 0.14317673378076062 0.3495525727069351 0.14093959731543623 0.3182326621923937 0.15548098434004473 0.27237136465324385 0.15436241610738255 0.24552572706935122 0.1465324384787472 0.23098434004474272 0.1325503355704698 0.2181208053691275 0.10682326621923938 0.21029082774049218 0.09340044742729306 0.21252796420581654 0.07774049217002237 0.2203579418344519 0.06599552572706935 0.2332214765100671 0.0592841163310962 0.25223713646532436 0.06040268456375839 0.27125279642058164 0.07829977628635347 0.3104026845637584 0.08277404921700224 0.3338926174496644 0.11465324384787472 0.3400447427293065 0.1319910514541387 0.3540268456375839 0.13870246085011187 0.3674496644295302 0.14093959731543623 0.401006711409396 0.12863534675615212 0.44351230425055926 0.1319910514541387 0.47930648769574946 0.1476510067114094 0.5162192393736018 0.1935123042505593 0.5866890380313199 0.20469798657718122 0.5542505592841164 0.20693512304250558 0.5016778523489933
1 0.2740492170022371 0.4837807606263982 0.2740492170022371 0.43791946308724833 0.2611856823266219 0.4105145413870246 0.23937360178970918 0.44798657718120805 0.23042505592841164 0.4848993288590604 0.23042505592841164 0.5363534675615212 0.2348993288590604 0.5564876957494407 0.23937360178970918 0.5576062639821029 0.2662192393736018 0.5095078299776287 0.2740492170022371 0.4837807606263982
1 0.39149888143176736 0.4703579418344519 0.3713646532438479 0.41890380313199105 0.3540268456375839 0.3959731543624161 0.3400447427293065 0.43232662192393734 0.3422818791946309 0.4804250559284116 0.3568232662192394 0.5184563758389261 0.383668903803132 0.5620805369127517 0.38814317673378074 0.5631991051454138 0.3959731543624161 0.522930648769575 0.39149888143176736 0.4703579418344519
1 0.3579418344519016 0.27348993288590606 0.35570469798657717 0.24328859060402686 0.34675615212527966 0.22874720357941836 0.3282997762863535 0.21588366890380314 0.31711409395973156 0.21252796420581654 0.2925055928411633 0.21588366890380314 0.27181208053691275 0.23210290827740493 0.2639821029082774 0.25 0.2651006711409396 0.2757270693512304 0.2807606263982103 0.31487695749440714 0.28187919463087246 0.32941834451901564 0.313758389261745 0.3288590604026846 0.3389261744966443 0.3394854586129754 0.34451901565995524 0.308165548098434 0.3579418344519016 0.27348993288590606
1 0.5782997762863534 0.4714765100671141 0.5659955257270693 0.43456375838926176 0.5531319910514542 0.4161073825503356 0.5413870246085011 0.4446308724832215 0.5425055928411633 0.48825503355704697 0.5548098434004475 0.5218120805369127 0.5727069351230425 0.5497762863534675 0.5771812080536913 0.5497762863534675 0.5816554809843401 0.5251677852348994 0.5782997762863534 0.4714765100671141
1 0.47762863534675615 0.47930648769574946 0.47762863534675615 0.43903803131991054 0.4602908277404922 0.39485458612975394 0.43288590604026844 0.4356823266219239 0.41946308724832215 0.47930648769574946 0.4172259507829978 0.5318791946308725 0.4228187919463087 0.5620805369127517 0.4261744966442953 0.5710290827740492 0.4306487695749441 0.5721476510067114 0.46196868008948544 0.5240492170022372 0.47762863534675615 0.47930648769574946
1 0.5313199105145414 0.33501118568232663 0.5335570469798657 0.31152125279642057 0.5480984340044742 0.27684563758389263 0.5492170022371364 0.2533557046979866 0.5413870246085011 0.23434004474272932 0.5206935123042505 0.21700223713646533 0.5072706935123042 0.21364653243847875 0.48266219239373603 0.21700223713646533 0.465324384787472 0.23098434004474272 0.45861297539149887 0.24328859060402686 0.4552572706935123 0.26677852348993286 0.4697986577181208 0.3092841163310962 0.4720357941834452 0.34395973154362414 0.4753914988814318 0.34619686800894856 0.49384787472035796 0.3344519015659955 0.5313199105145414 0.33501118568232663
1 0.7662192393736018 0.4893736017897092 0.7550335570469798 0.44686800894854584 0.7511185682326622 0.4451901565995526 0.7449664429530202 0.44686800894854584 0.7427293064876958 0.4983221476510067 0.7527964205816555 0.5296420581655481 0.7628635346756152 0.5430648769574944 0.767337807606264 0.522930648769575 0.7662192393736018 0.4893736017897092
1 0.6621923937360179 0.5206935123042505 0.6778523489932886 0.48266219239373603 0.680089485458613 0.4457494407158837 0.6666666666666666 0.40324384787472034 0.6677852348993288 0.3786353467561521 0.6733780760626398 0.3629753914988814 0.6907158836689038 0.34563758389261745 0.7253914988814317 0.3378076062639821 0.7483221476510067 0.28803131991051456 0.7516778523489933 0.2634228187919463 0.7449664429530202 0.24328859060402686 0.7298657718120806 0.22818791946308725 0.7142058165548099 0.2214765100671141 0.7007829977628636 0.2203579418344519 0.680648769574944 0.22706935123042504 0.6655480984340044 0.24105145413870246 0.6577181208053692 0.25782997762863535 0.6577181208053692 0.28691275167785235 0.6677852348993288 0.32606263982102907 0.6655480984340044 0.35850111856823264 0.6510067114093959 0.3965324384787472 0.6174496644295302 0.45022371364653246 0.6029082774049217 0.5005592841163311 0.6029082774049217 0.5576062639821029 0.6096196868008948 0.5844519015659956 0.616331096196868 0.593400447427293 0.6353467561521253 0.5553691275167785 0.6621923937360179 0.5206935123042505
1 0.8668903803131991 0.54082774049217 0.8825503355704698 0.506152125279642 0.8881431767337807 0.46476510067114096 0.8780760626398211 0.42449664429530204 0.8791946308724832 0.3920581655480984 0.8859060402684564 0.37527964205816555 0.9161073825503355 0.35514541387024606 0.9194630872483222 0.3327740492170022 0.9384787472035794 0.28803131991051456 0.9395973154362416 0.2645413870246085 0.9351230425055929 0.2511185682326622 0.9222595078299777 0.2360178970917226 0.9021252796420581 0.22706935123042504 0.8853467561521253 0.22706935123042504 0.866331096196868 0.2348993288590604 0.8478747203579419 0.25782997762863535 0.8445190156599552 0.28243847874720357 0.8557046979865772 0.32606263982102907 0.854586129753915 0.36521252796420584 0.8400447427293065 0.4021252796420582 0.8008948545861297 0.46476510067114096 0.79082774049217 0.4960850111856823 0.7863534675615212 0.5296420581655481 0.7897091722595079 0.575503355704698 0.7986577181208053 0.6057046979865772 0.8131991051454138 0.6303131991051454 0.831096196868009 0.5889261744966443 0.8668903803131991 0.54082774049217
1 0.18120805369127516 0.7332214765100671 0.19686800894854586 0.6851230425055929 0.19910514541387025 0.6303131991051454 0.18791946308724833 0.581096196868009 0.1487695749440716 0.5195749440715883 0.1297539149888143 0.4748322147651007 0.12751677852348994 0.4423937360178971 0.14093959731543623 0.3965324384787472 0.13758389261744966 0.3674496644295302 0.1297539149888143 0.3529082774049217 0.11689038031319911 0.3422818791946309 0.09899328859060402 0.33557046979865773 0.08109619686800895 0.33557046979865773 0.059843400447427295 0.34451901565995524 0.04809843400447427 0.35626398210290827 0.040268456375838924 0.37416107382550334 0.04138702460850112 0.3987695749440716 0.06040268456375839 0.4368008948545861 0.06823266219239374 0.4804250559284116 0.0592841163310962 0.5162192393736018 0.042505592841163314 0.5441834451901566 0.025727069351230425 0.5889261744966443 0.020134228187919462 0.6291946308724832 0.021252796420581657 0.6605145413870246 0.035794183445190156 0.7142058165548099 0.06711409395973154 0.7623042505592841 0.09675615212527965 0.7829977628635347 0.1297539149888143 0.7835570469798657 0.15492170022371365 0.7706935123042505 0.18120805369127516 0.7332214765100671
1 0.3769574944071588 0.7298657718120806 0.3959731543624161 0.6761744966442953 0.3982102908277405 0.62248322147651 0.38478747203579416 0.5654362416107382 0.3534675615212528 0.5139821029082774 0.3389261744966443 0.4714765100671141 0.3378076062639821 0.4423937360178971 0.3523489932885906 0.3976510067114094 0.3523489932885906 0.366331096196868 0.34675615212527966 0.3529082774049217 0.3327740492170022 0.3378076062639821 0.3036912751677852 0.3288590604026846 0.2891498881431767 0.33109619686800895 0.27125279642058164 0.34116331096196867 0.25615212527964204 0.3674496644295302 0.25727069351230425 0.395413870246085 0.2740492170022371 0.43456375838926176 0.27628635346756153 0.4748322147651007 0.26733780760626397 0.5095078299776287 0.23825503355704697 0.5620805369127517 0.23154362416107382 0.5822147651006712 0.22483221476510068 0.6180089485458613 0.22483221476510068 0.6549217002237137 0.2371364653243848 0.7063758389261745 0.26286353467561524 0.7522371364653244 0.2891498881431767 0.7751677852348994 0.31767337807606266 0.779082774049217 0.34619686800894856 0.7695749440715883 0.3769574944071588 0.7298657718120806
1 0.5727069351230425 0.7298657718120806 0.5883668903803132 0.6895973154362416 0.5939597315436241 0.6303131991051454 0.5827740492170023 0.5732662192393736 0.5727069351230425 0.5497762863534675 0.5570469798657718 0.5285234899328859 0.540268456375839 0.4815436241610738 0.5413870246085011 0.43903803131991054 0.558165548098434 0.3965324384787472 0.5570469798657718 0.36521252796420584 0.5363534675615212 0.3400447427293065 0.517337807606264 0.3333333333333333 0.5016778523489933 0.3333333333333333 0.4804250559284116 0.3422818791946309 0.46756152125279643 0.35626398210290827 0.46196868008948544 0.36968680089485456 0.46196868008948544 0.3965324384787472 0.4798657718120805 0.44798657718120805 0.47874720357941836 0.47706935123042504 0.465324384787472 0.5195749440715883 0.4407158836689038 0.5553691275167785 0.4261744966442953 0.5922818791946308 0.41946308724832215 0.6593959731543624 0.4306487695749441 0.7119686800894854 0.4541387024608501 0.7555928411633109 0.4703579418344519 0.772930648769575 0.4848993288590604 0.7807606263982103 0.5145413870246085 0.7824384787472036 0.5441834451901566 0.7684563758389261 0.5727069351230425 0.7298657718120806
1 0.7550335570469798 0.7477628635346756 0.7762863534675615 0.7041387024608501 0.785234899328859 0.6638702460850112 0.785234899328859 0.6191275167785235 0.7807606263982103 0.593400447427293 0.7695749440715883 0.5609619686800895 0.7460850111856824 0.5162192393736018 0.7393736017897091 0.48825503355704697 0.7427293064876958 0.4546979865771812 0.7639821029082774 0.40883668903803133 0.7662192393736018 0.3819910514541387 0.7533557046979866 0.35570469798657717 0.7220357941834452 0.3400447427293065 0.691834451901566 0.3478747203579418 0.6711409395973155 0.36968680089485456 0.6677852348993288 0.40436241610738255 0.680089485458613 0.4401565995525727 0.680089485458613 0.48266219239373603 0.6633109619686801 0.5206935123042505 0.6375838926174496 0.5542505592841164 0.6241610738255033 0.5799776286353467 0.6096196868008948 0.6437360178970917 0.6129753914988815 0.6951901565995525 0.6353467561521253 0.7533557046979866 0.6638702460850112 0.7829977628635347 0.6817673378076062 0.7885906040268457 0.7024608501118568 0.7880313199105146 0.7231543624161074 0.7818791946308725 0.7550335570469798 0.7477628635346756
1 0.9642058165548099 0.7578299776286354 0.9821029082774049 0.7186800894854586 0.9910514541387024 0.6739373601789709 0.9876957494407159 0.6168903803131991 0.9574944071588367 0.5385906040268457 0.9530201342281879 0.4949664429530201 0.9563758389261745 0.46476510067114096 0.9765100671140939 0.42337807606263983 0.9776286353467561 0.39093959731543626 0.95917225950783 0.36465324384787473 0.9435123042505593 0.3568232662192394 0.9267337807606264 0.354586129753915 0.9021252796420581 0.3635346756152125 0.8825503355704698 0.3864653243847875 0.8791946308724832 0.42337807606263983 0.8903803131991052 0.4670022371364653 0.8870246085011185 0.49720357941834453 0.8713646532438478 0.535234899328859 0.831096196868009 0.5922818791946308 0.8176733780760627 0.6269574944071589 0.8120805369127517 0.6571588366890381 0.8120805369127517 0.6996644295302014 0.8165548098434005 0.7242729306487695 0.8366890380313199 0.7746085011185683 0.860738255033557 0.802013422818792 0.8864653243847874 0.8109619686800895 0.9049217002237137 0.8104026845637584 0.930089485458613 0.7986577181208053 0.9642058165548099 0.7578299776286354