1 0.5807291666666666 0.6507798960138648 0.59375 0.5883882149046794 0.5950520833333334 0.548526863084922 0.58984375 0.5034662045060658 0.56640625 0.4254766031195841 0.5729166666666666 0.2954939341421144 0.5631510416666666 0.2738301559792028 0.5423177083333334 0.2668977469670711 0.5319010416666666 0.2720970537261698 0.51953125 0.2972270363951473 0.5260416666666666 0.4254766031195841 0.5 0.5173310225303293 0.4973958333333333 0.5762564991334489 0.5182291666666666 0.6767764298093587 0.5345052083333334 0.6845753899480069 0.55859375 0.6837088388214905 0.5729166666666666 0.6767764298093587 0.5807291666666666 0.6507798960138648
1 0.3776041666666667 0.4306759098786828 0.3854166666666667 0.2885615251299827 0.3678385416666667 0.2634315424610052 0.345703125 0.2634315424610052 0.33203125 0.2781629116117851 0.328125 0.2920277296360485 0.3346354166666667 0.4289428076256499 0.3072916666666667 0.5225303292894281 0.310546875 0.5285961871750433 0.345703125 0.5251299826689775 0.4010416666666667 0.5398613518197574 0.40234375 0.524263431542461 0.3776041666666667 0.4306759098786828
1 0.8880208333333334 0.5623916811091855 0.890625 0.524263431542461 0.88671875 0.48440207972270366 0.8645833333333334 0.41161178509532065 0.87109375 0.3006932409012132 0.8626302083333334 0.2807625649913345 0.8470052083333334 0.2755632582322357 0.833984375 0.2824956672443674 0.8255208333333334 0.2989601386481802 0.83203125 0.39774696707105717 0.8059895833333334 0.4948006932409012 0.8046875 0.548526863084922 0.8229166666666666 0.6265164644714039 0.8287760416666666 0.6325823223570191 0.8567708333333334 0.6334488734835355 0.8723958333333334 0.6247833622183708 0.8880208333333334 0.5623916811091855
1 0.734375 0.6473136915077989 0.7526041666666666 0.5727902946273831 0.7552083333333334 0.5311958405545927 0.74609375 0.47920277296360486 0.7265625 0.4202772963604853 0.7330729166666666 0.2954939341421144 0.7233072916666666 0.2772963604852686 0.7024739583333334 0.2720970537261698 0.68359375 0.2972270363951473 0.6901041666666666 0.4150779896013865 0.6692708333333334 0.47920277296360486 0.6627604166666666 0.550259965337955 0.6666666666666666 0.5918544194107452 0.6822916666666666 0.6507798960138648 0.7096354166666666 0.6577123050259965 0.7259114583333334 0.6568457538994801 0.734375 0.6473136915077989
1 0.6640625 0.5866551126516465 0.6627604166666666 0.5207972270363952 0.66796875 0.47227036395147315 0.6497395833333334 0.40814558058925476 0.65625 0.3024263431542461 0.6451822916666666 0.27902946273830154 0.6321614583333334 0.2755632582322357 0.6217447916666666 0.2807625649913345 0.6119791666666666 0.3006932409012132 0.6184895833333334 0.39948006932409014 0.5963541666666666 0.475736568457539 0.5924479166666666 0.5103986135181976 0.59765625 0.5693240901213171 0.609375 0.6161178509532063 0.6204427083333334 0.6273830155979203 0.6471354166666666 0.6265164644714039 0.6549479166666666 0.621317157712305 0.6640625 0.5866551126516465
1 0.4973958333333333 0.5883882149046794 0.4973958333333333 0.5329289428076257 0.5130208333333334 0.46533795493934144 0.5013020833333334 0.41334488734835356 0.5078125 0.2972270363951473 0.4954427083333333 0.2772963604852686 0.478515625 0.2738301559792028 0.4609375 0.2972270363951473 0.4661458333333333 0.41334488734835356 0.4453125 0.47920277296360486 0.4388020833333333 0.550259965337955 0.4427083333333333 0.5779896013864818 0.4739583333333333 0.6438474870017331 0.4947916666666667 0.6473136915077989 0.5065104166666666 0.6386481802426344 0.4973958333333333 0.5883882149046794
1 0.4557291666666667 0.4445407279029463 0.4453125 0.40641247833622185 0.4518229166666667 0.304159445407279 0.443359375 0.2824956672443674 0.4264322916666667 0.2772963604852686 0.416015625 0.28422876949740034 0.4088541666666667 0.3006932409012132 0.4140625 0.40814558058925476 0.3932291666666667 0.48440207972270366 0.4049479166666667 0.5415944540727903 0.4375 0.5693240901213171 0.4401041666666667 0.5086655112651647 0.4557291666666667 0.4445407279029463
1 0.22786458333333334 0.5450606585788561 0.22916666666666666 0.4965337954939341 0.2513020833333333 0.4202772963604853 0.24869791666666666 0.2850953206239168 0.24283854166666666 0.27902946273830154 0.22981770833333334 0.2807625649913345 0.21614583333333334 0.3024263431542461 0.22265625 0.40467937608318894 0.19921875 0.4878682842287695 0.203125 0.5537261698440208 0.21744791666666666 0.6022530329289428 0.22526041666666666 0.6057192374350087 0.23567708333333334 0.5901213171577123 0.22786458333333334 0.5450606585788561
1 0.2643229166666667 0.5034662045060658 0.2864583333333333 0.4324090121317158 0.28515625 0.28682842287694976 0.2740885416666667 0.2755632582322357 0.259765625 0.2772963604852686 0.24739583333333334 0.2989601386481802 0.2526041666666667 0.41334488734835356 0.23177083333333334 0.4809358752166378 0.22786458333333334 0.5103986135181976 0.23046875 0.5675909878682842 0.234375 0.5831889081455806 0.24088541666666666 0.5849220103986135 0.2604166666666667 0.5589254766031195 0.2643229166666667 0.5034662045060658
1 0.3307291666666667 0.4393414211438475 0.3268229166666667 0.41854419410745236 0.3307291666666667 0.3613518197573657 0.328125 0.27989601386481805 0.3131510416666667 0.268630849220104 0.294921875 0.2738301559792028 0.28515625 0.2937608318890815 0.2890625 0.4202772963604853 0.2630208333333333 0.5121317157712305 0.2604166666666667 0.548526863084922 0.2643229166666667 0.5554592720970537 0.3059895833333333 0.5277296360485269 0.3307291666666667 0.4393414211438475
0 0.4557291666666667 0.8639514731369151 0.4817708333333333 0.7842287694974004 0.4856770833333333 0.7010398613518197 0.4752604166666667 0.6525129982668978 0.4583333333333333 0.6109185441941074 0.4134114583333333 0.5528596187175043 0.3548177083333333 0.5285961871750433 0.3079427083333333 0.5303292894280762 0.2623697916666667 0.561525129982669 0.22395833333333334 0.6109185441941074 0.203125 0.6802426343154246 0.203125 0.7582322357019065 0.22135416666666666 0.8258232235701907 0.24934895833333334 0.8752166377816292 0.279296875 0.902946273830156 0.3196614583333333 0.9185441941074524 0.341796875 0.9358752166377816 0.3580729166666667 0.9350086655112652 0.408203125 0.9133448873483535 0.4557291666666667 0.8639514731369151