1 0.832 0.43533333333333335 0.848 0.334 0.844 0.31 0.8146666666666667 0.24333333333333335 0.812 0.138 0.7966666666666666 0.12266666666666666 0.778 0.11866666666666667 0.7646666666666667 0.12533333333333332 0.752 0.14466666666666667 0.756 0.238 0.7293333333333333 0.31666666666666665 0.728 0.35133333333333333 0.7493333333333333 0.442 0.7686666666666667 0.45066666666666666 0.8 0.4513333333333333 0.8206666666666667 0.44666666666666666 0.832 0.43533333333333335
1 0.6333333333333333 0.28733333333333333 0.6293333333333333 0.18066666666666667 0.648 0.154 0.644 0.126 0.6313333333333333 0.112 0.6166666666666667 0.10666666666666667 0.598 0.11333333333333333 0.5853333333333334 0.134 0.5906666666666667 0.23133333333333334 0.5693333333333334 0.2926666666666667 0.5733333333333334 0.3406666666666667 0.6053333333333333 0.398 0.6106666666666667 0.3486666666666667 0.6333333333333333 0.28733333333333333
1 0.7186666666666667 0.4806666666666667 0.7306666666666667 0.4046666666666667 0.7306666666666667 0.37266666666666665 0.7213333333333334 0.338 0.696 0.2833333333333333 0.6906666666666667 0.17666666666666667 0.678 0.16266666666666665 0.654 0.156 0.6386666666666667 0.16733333333333333 0.6306666666666667 0.182 0.636 0.2793333333333333 0.6093333333333333 0.358 0.608 0.3953333333333333 0.6293333333333333 0.48333333333333334 0.6486666666666666 0.496 0.684 0.498 0.7073333333333334 0.492 0.7186666666666667 0.4806666666666667
1 0.4693333333333333 0.186 0.472 0.13 0.458 0.11066666666666666 0.438 0.104 0.42133333333333334 0.114 0.412 0.13133333333333333 0.4186666666666667 0.20466666666666666 0.41333333333333333 0.25666666666666665 0.43 0.26266666666666666 0.444 0.27666666666666667 0.452 0.346 0.476 0.27666666666666667 0.4693333333333333 0.186
1 0.6 0.534 0.6106666666666667 0.434 0.604 0.40066666666666667 0.5706666666666667 0.3353333333333333 0.568 0.23266666666666666 0.554 0.212 0.538 0.20533333333333334 0.5166666666666667 0.212 0.5026666666666667 0.23 0.5093333333333333 0.3313333333333333 0.484 0.406 0.48 0.442 0.5066666666666667 0.5473333333333333 0.53 0.556 0.564 0.5553333333333333 0.59 0.5466666666666666 0.6 0.534
1 0.508 0.334 0.5013333333333333 0.23266666666666666 0.5153333333333333 0.212 0.532 0.20466666666666666 0.5306666666666666 0.17533333333333334 0.5046666666666667 0.14933333333333335 0.4846666666666667 0.15866666666666668 0.4706666666666667 0.178 0.476 0.282 0.45066666666666666 0.3606666666666667 0.45466666666666666 0.3993333333333333 0.4666666666666667 0.42333333333333334 0.4786666666666667 0.434 0.484 0.4033333333333333 0.508 0.334
1 0.4786666666666667 0.598 0.49066666666666664 0.49533333333333335 0.47733333333333333 0.44333333333333336 0.4493333333333333 0.38866666666666666 0.444 0.2793333333333333 0.43266666666666664 0.2653333333333333 0.4086666666666667 0.25866666666666666 0.3953333333333333 0.2653333333333333 0.38266666666666665 0.2846666666666667 0.3893333333333333 0.3953333333333333 0.36666666666666664 0.462 0.3626666666666667 0.49933333333333335 0.38466666666666666 0.5146666666666667 0.4106666666666667 0.5433333333333333 0.428 0.5806666666666667 0.432 0.6126666666666667 0.444 0.6153333333333333 0.4633333333333333 0.6106666666666667 0.4786666666666667 0.598
1 0.38133333333333336 0.28733333333333333 0.3893333333333333 0.27 0.412 0.254 0.408 0.21533333333333332 0.3953333333333333 0.20266666666666666 0.37666666666666665 0.19733333333333333 0.35933333333333334 0.20533333333333334 0.348 0.22466666666666665 0.3546666666666667 0.33 0.3293333333333333 0.4206666666666667 0.33866666666666667 0.4846666666666667 0.342 0.49066666666666664 0.36 0.49666666666666665 0.3893333333333333 0.386 0.38133333333333336 0.28733333333333333
1 0.3293333333333333 0.4126666666666667 0.3546666666666667 0.322 0.3466666666666667 0.22333333333333333 0.356 0.20733333333333334 0.37333333333333335 0.194 0.368 0.16466666666666666 0.3566666666666667 0.15333333333333332 0.338 0.14533333333333334 0.322 0.15333333333333332 0.308 0.174 0.316 0.2713333333333333 0.2906666666666667 0.354 0.2946666666666667 0.3993333333333333 0.312 0.4673333333333333 0.31666666666666665 0.4746666666666667 0.336 0.47933333333333333 0.3293333333333333 0.44733333333333336 0.3293333333333333 0.4126666666666667
1 0.31466666666666665 0.2713333333333333 0.308 0.17266666666666666 0.32266666666666666 0.14466666666666667 0.32133333333333336 0.12866666666666668 0.31333333333333335 0.114 0.29 0.104 0.274 0.11066666666666666 0.2613333333333333 0.13 0.26666666666666666 0.22466666666666665 0.24266666666666667 0.29533333333333334 0.24133333333333334 0.3273333333333333 0.264 0.41533333333333333 0.278 0.424 0.29733333333333334 0.426 0.2906666666666667 0.35 0.31466666666666665 0.2713333333333333
0 0.346 0.7373333333333333 0.374 0.7213333333333334 0.412 0.6833333333333333 0.42933333333333334 0.6406666666666667 0.42933333333333334 0.5926666666666667 0.4066666666666667 0.5406666666666666 0.37 0.5066666666666667 0.32066666666666666 0.48533333333333334 0.25933333333333336 0.492 0.222 0.5133333333333333 0.192 0.5446666666666666 0.176 0.5886666666666667 0.18 0.654 0.19866666666666666 0.69 0.214 0.7106666666666667 0.24333333333333335 0.7333333333333333 0.254 0.7386666666666667 0.284 0.7406666666666667 0.31666666666666665 0.732 0.346 0.7373333333333333