1 0.6916666666666667 0.51875 0.6516666666666666 0.34125 0.65 0.28375 0.6616666666666666 0.19625 0.66 0.15125 0.6441666666666667 0.1175 0.6175 0.11 0.5966666666666667 0.12875 0.5866666666666667 0.16625 0.5966666666666667 0.32875 0.565 0.46125 0.5566666666666666 0.56375 0.565 0.63875 0.59 0.72125 0.6008333333333333 0.7325 0.6483333333333333 0.73125 0.685 0.62125 0.6916666666666667 0.51875
1 0.8883333333333333 0.57125 0.8966666666666666 0.49625 0.8666666666666667 0.35375 0.8733333333333333 0.22375 0.8641666666666666 0.2025 0.8475 0.195 0.825 0.21375 0.8183333333333334 0.24625 0.8266666666666667 0.34875 0.8116666666666666 0.42125 0.8283333333333334 0.51625 0.815 0.61625 0.8275 0.6375 0.8583333333333333 0.63875 0.8683333333333333 0.63125 0.8883333333333333 0.57125
1 0.8266666666666667 0.49625 0.7933333333333333 0.34125 0.8016666666666666 0.20625 0.7891666666666667 0.1775 0.7641666666666667 0.1725 0.75 0.18625 0.7416666666666667 0.21625 0.75 0.32375 0.7416666666666667 0.38375 0.77 0.51125 0.765 0.58625 0.7466666666666667 0.66125 0.7933333333333333 0.66375 0.8233333333333334 0.56375 0.8266666666666667 0.49625
1 0.77 0.52375 0.7316666666666667 0.33125 0.74 0.17875 0.7275 0.15 0.7025 0.1425 0.6891666666666667 0.15 0.675 0.18375 0.6816666666666666 0.34375 0.67 0.41125 0.69 0.48875 0.6933333333333334 0.56625 0.6733333333333333 0.67375 0.6808333333333333 0.695 0.7283333333333334 0.69625 0.7583333333333333 0.61375 0.77 0.52375
1 0.5616666666666666 0.47375 0.595 0.33375 0.595 0.26875 0.5841666666666666 0.17 0.5625 0.18 0.5533333333333333 0.20625 0.56 0.34375 0.5366666666666666 0.44125 0.5516666666666666 0.53375 0.5416666666666666 0.61375 0.5533333333333333 0.65875 0.5716666666666667 0.66625 0.5533333333333333 0.54125 0.5616666666666666 0.47375
1 0.5483333333333333 0.55125 0.5483333333333333 0.51125 0.5116666666666667 0.34625 0.5183333333333333 0.18125 0.5041666666666667 0.1475 0.4791666666666667 0.14 0.46 0.15875 0.45166666666666666 0.19125 0.46166666666666667 0.33625 0.4266666666666667 0.48375 0.425 0.56875 0.45666666666666667 0.69125 0.46416666666666667 0.7 0.5083333333333333 0.69875 0.535 0.62875 0.5483333333333333 0.55125
1 0.41833333333333333 0.58375 0.42333333333333334 0.48125 0.39 0.33875 0.39666666666666667 0.20125 0.38083333333333336 0.17 0.3591666666666667 0.1675 0.345 0.18125 0.33666666666666667 0.21625 0.3466666666666667 0.33625 0.32 0.45125 0.32666666666666666 0.50875 0.3233333333333333 0.59625 0.3441666666666667 0.6675 0.37833333333333335 0.67125 0.39666666666666667 0.66125 0.41833333333333333 0.58375
1 0.29833333333333334 0.22125 0.28583333333333333 0.195 0.2658333333333333 0.19 0.24833333333333332 0.20875 0.24333333333333335 0.23625 0.25333333333333335 0.32875 0.25 0.36875 0.28583333333333333 0.4 0.31666666666666665 0.45875 0.29333333333333333 0.35375 0.29833333333333334 0.22125
1 0.4508333333333333 0.2025 0.44166666666666665 0.22625 0.4483333333333333 0.35125 0.4216666666666667 0.46125 0.4266666666666667 0.48125 0.46166666666666667 0.32875 0.4508333333333333 0.2025
1 0.6725 0.195 0.6616666666666666 0.19875 0.6516666666666666 0.27875 0.655 0.35625 0.6683333333333333 0.39875 0.6833333333333333 0.31625 0.6725 0.195
0 0.30666666666666664 0.63125 0.32 0.58625 0.3233333333333333 0.50625 0.31333333333333335 0.45625 0.2775 0.3925 0.24416666666666667 0.3675 0.19083333333333333 0.36 0.14583333333333334 0.3825 0.10666666666666667 0.43625 0.09 0.48875 0.08666666666666667 0.56125 0.1 0.61875 0.13916666666666666 0.6825 0.16916666666666666 0.7025 0.22333333333333333 0.70875 0.2758333333333333 0.68 0.30666666666666664 0.63125