1 0.468 0.5865 0.468 0.5235 0.48333333333333334 0.4715 0.4806666666666667 0.4485 0.468 0.3945 0.4713333333333333 0.3455 0.478 0.3055 0.478 0.2815 0.473 0.267 0.459 0.259 0.451 0.262 0.44133333333333336 0.2775 0.43933333333333335 0.2905 0.442 0.3415 0.44 0.3895 0.4166666666666667 0.4585 0.41133333333333333 0.5005 0.41333333333333333 0.5445 0.4246666666666667 0.6055 0.43233333333333335 0.611 0.454 0.6115 0.4593333333333333 0.6105 0.468 0.5865
1 0.5556666666666666 0.446 0.5593333333333333 0.4425 0.552 0.4125 0.552 0.3945 0.5633333333333334 0.3045 0.5593333333333333 0.2875 0.5483333333333333 0.276 0.533 0.279 0.526 0.2885 0.5233333333333333 0.2985 0.522 0.3295 0.5253333333333333 0.3585 0.5246666666666666 0.3945 0.5206666666666667 0.4145 0.5093333333333333 0.4465 0.5113333333333333 0.4485 0.5276666666666666 0.442 0.5556666666666666 0.446
1 0.3953333333333333 0.5405 0.4046666666666667 0.4845 0.404 0.4585 0.398 0.4165 0.386 0.3765 0.3893333333333333 0.3305 0.39666666666666667 0.2915 0.39666666666666667 0.2655 0.39 0.2495 0.38366666666666666 0.244 0.36833333333333335 0.246 0.3606666666666667 0.2575 0.358 0.2735 0.36 0.3695 0.33666666666666667 0.4375 0.3313333333333333 0.4755 0.332 0.5185 0.3426666666666667 0.5795 0.351 0.589 0.378 0.5905 0.38333333333333336 0.5815 0.3953333333333333 0.5405
1 0.30266666666666664 0.5535 0.31466666666666665 0.5085 0.32066666666666666 0.4695 0.31933333333333336 0.4245 0.30533333333333335 0.3595 0.306 0.3175 0.31066666666666665 0.3025 0.31533333333333335 0.2495 0.30966666666666665 0.234 0.299 0.228 0.2843333333333333 0.233 0.2786666666666667 0.2475 0.2773333333333333 0.2815 0.2806666666666667 0.3195 0.2773333333333333 0.3595 0.27266666666666667 0.3655 0.2633333333333333 0.4045 0.25466666666666665 0.4265 0.25 0.4575 0.25066666666666665 0.4975 0.26266666666666666 0.5645 0.2886666666666667 0.5715 0.29433333333333334 0.571 0.30266666666666664 0.5535
1 0.5026666666666667 0.4295 0.49133333333333334 0.3825 0.492 0.3455 0.49933333333333335 0.2995 0.5 0.2715 0.495 0.256 0.48033333333333333 0.247 0.471 0.252 0.4693333333333333 0.2575 0.4706666666666667 0.2655 0.476 0.2685 0.4786666666666667 0.2825 0.4766666666666667 0.3245 0.4706666666666667 0.3565 0.47 0.3955 0.48333333333333334 0.4655 0.4866666666666667 0.4705 0.5046666666666667 0.4485 0.5026666666666667 0.4295
1 0.6633333333333333 0.5835 0.672 0.5095 0.6686666666666666 0.4705 0.6553333333333333 0.4135 0.6587964846666666 0.362740905 0.664 0.3335 0.664 0.2975 0.6556666666666666 0.284 0.6496666666666666 0.281 0.6356666666666667 0.284 0.6273333333333333 0.3005 0.6266666666666667 0.3335 0.63 0.3735 0.6273333333333333 0.4115 0.6093333333333333 0.4605 0.6 0.4995 0.604 0.5335 0.6026666666666667 0.5735 0.612 0.6235 0.6216666666666667 0.632 0.6446666666666667 0.6325 0.6526666666666666 0.6215 0.6633333333333333 0.5835
1 0.872 0.5805 0.88 0.5245 0.878 0.4855 0.864 0.4235 0.8653333333333333 0.3825 0.872 0.3495 0.8746666666666667 0.3125 0.8676666666666667 0.294 0.855 0.289 0.8436666666666667 0.294 0.8373333333333334 0.3095 0.8386666666666667 0.4005 0.834 0.4245 0.814 0.4795 0.808 0.5225 0.81 0.5705 0.82 0.6265 0.8283333333333334 0.634 0.852 0.6335 0.862 0.6205 0.872 0.5805
1 0.7726666666666666 0.5625 0.778 0.5125 0.7733333333333333 0.4715 0.7633333333333333 0.4325 0.761497512 0.426033905 0.759181448 0.42018279599999997 0.7626666666666667 0.3665 0.7656986246666667 0.351308703 0.7697250853333333 0.327821015 0.7697250853333333 0.31003748000000003 0.7643333333333333 0.291 0.7536666666666667 0.284 0.7456666666666667 0.285 0.739 0.291 0.7326666666666667 0.3065 0.734 0.3795 0.7313333333333333 0.4185 0.7133333333333334 0.4665 0.706 0.4935 0.7046666666666667 0.5115 0.706 0.5685 0.718 0.6245 0.7256666666666667 0.632 0.7493690893333333 0.6341675729999999 0.758 0.6165 0.7726666666666666 0.5625
1 0.6833333333333333 0.5575 0.69 0.5035 0.6873333333333334 0.4575 0.6746666666666666 0.3985 0.6753333333333333 0.3645 0.684 0.3115 0.684 0.2885 0.6783333333333333 0.276 0.6683333333333333 0.268 0.6583333333333333 0.269 0.6526666666666666 0.2765 0.664 0.2925 0.666 0.3045 0.6646666666666666 0.3365 0.658 0.3695 0.6566666666666666 0.3985 0.6586666666666666 0.4275 0.668 0.4635 0.6726666666666666 0.5045 0.6686666666666666 0.5585 0.6586666666666666 0.6035 0.6586666666666666 0.6075 0.6633333333333333 0.6105 0.6686666666666666 0.6065 0.6833333333333333 0.5575
1 0.5713333333333334 0.4025 0.5706666666666667 0.3895 0.574 0.3405 0.5793333333333334 0.3095 0.5793333333333334 0.2835 0.573 0.269 0.557 0.264 0.5473333333333333 0.2715 0.549 0.277 0.5593333333333333 0.2855 0.5633333333333334 0.3005 0.5626666666666666 0.3245 0.554 0.3745 0.5553333333333333 0.4285 0.561 0.445 0.5853333333333334 0.4695 0.5853333333333334 0.4585 0.5713333333333334 0.4025
0 0.5893333333333334 0.6095 0.6013333333333334 0.5725 0.6033333333333334 0.5345 0.5986666666666667 0.5025 0.5933333333333334 0.4875 0.573 0.457 0.5576666666666666 0.446 0.529 0.442 0.507 0.451 0.48333333333333334 0.4785 0.4706666666666667 0.5145 0.468 0.5605 0.47733333333333333 0.6005 0.49366666666666664 0.627 0.523 0.646 0.5433333333333333 0.6465 0.5703333333333334 0.633 0.5893333333333334 0.6095