1 0.5651000222222222 0.65582532 0.5688888888888889 0.5222222222222223 0.5377777777777778 0.45111111111111113 0.5333333333333333 0.2911111111111111 0.4911111111111111 0.26666666666666666 0.4577777777777778 0.2866666666666667 0.4488888888888889 0.31333333333333335 0.4533333333333333 0.44222222222222224 0.42823391111111114 0.50644676 0.4222222222222222 0.58 0.45311856 0.7127313733333334 0.5244444444444445 0.7044444444444444 0.5615451111111112 0.6967265733333333 0.5651000222222222 0.65582532
1 0.38666666666666666 0.5311111111111111 0.36 0.37555555555555553 0.36444444444444446 0.24666666666666667 0.34 0.21777777777777776 0.30444444444444446 0.21777777777777776 0.28 0.24222222222222223 0.28444444444444444 0.3711111111111111 0.25333333333333335 0.47333333333333333 0.25333333333333335 0.5444444444444444 0.2822222222222222 0.6266666666666667 0.3511111111111111 0.6288888888888889 0.37333333333333335 0.6066666666666667 0.38666666666666666 0.5311111111111111
1 0.25333333333333335 0.3888888888888889 0.22560086222222223 0.31972359111111115 0.22560086222222223 0.22547286666666666 0.21333333333333335 0.18444444444444444 0.1711111111111111 0.17777777777777778 0.14666666666666667 0.20666666666666667 0.15450155555555556 0.3108320133333333 0.13139422666666667 0.41397432 0.14666666666666667 0.5444444444444444 0.17555555555555555 0.5688888888888889 0.22666666666666666 0.5666666666666667 0.24888888888888888 0.5533333333333333 0.25333333333333335 0.3888888888888889
1 0.8533333333333334 0.4777777777777778 0.8533333333333334 0.3977777777777778 0.8311111111111111 0.32666666666666666 0.8355555555555556 0.20222222222222222 0.82 0.17777777777777778 0.7711111111111111 0.1688888888888889 0.7511111111111111 0.20666666666666667 0.7446257422222222 0.32328024 0.7179635022222222 0.4121960311111111 0.7333333333333333 0.5311111111111111 0.7577777777777778 0.56 0.8177777777777778 0.5577777777777778 0.84 0.54 0.8533333333333334 0.4777777777777778
1 0.7155555555555555 0.42444444444444446 0.7037435866666667 0.3570682 0.7022222222222222 0.23777777777777778 0.6555555555555556 0.21333333333333335 0.6177777777777778 0.24666666666666667 0.62020196 0.38907793777777777 0.5899848088888888 0.4993334711111111 0.6044444444444445 0.5933333333333334 0.62 0.6266666666666667 0.6711111111111111 0.6333333333333333 0.7111111111111111 0.62 0.7155555555555555 0.42444444444444446
1 0.9111111111111111 0.34444444444444444 0.8888888888888888 0.2733333333333333 0.9022222222222223 0.15333333333333332 0.8743820311111111 0.13122216888888888 0.8511111111111112 0.13333333333333333 0.8263900533333333 0.14544861777777776 0.8266666666666667 0.1711111111111111 0.84 0.20222222222222222 0.8311111111111111 0.31333333333333335 0.8577777777777778 0.41555555555555557 0.8488888888888889 0.4955555555555556 0.8622222222222222 0.5 0.8933333333333333 0.4866666666666667 0.9111111111111111 0.34444444444444444
1 0.16444444444444445 0.15777777777777777 0.13850418666666667 0.14189200444444444 0.10444444444444445 0.14222222222222222 0.08888888888888889 0.1711111111111111 0.09333333333333334 0.2911111111111111 0.07273738222222223 0.3535116222222222 0.07111111111111111 0.41555555555555557 0.09333333333333334 0.4955555555555556 0.14222222222222222 0.5044444444444445 0.14666666666666667 0.19777777777777777 0.16444444444444445 0.15777777777777777
1 0.6177777777777778 0.24222222222222223 0.6488888888888888 0.20666666666666667 0.6488888888888888 0.15333333333333332 0.6066666666666667 0.13333333333333333 0.5866666666666667 0.14888888888888888 0.5688888888888889 0.32222222222222224 0.5508801066666666 0.37129478222222223 0.5688888888888889 0.47333333333333333 0.5733333333333334 0.4955555555555556 0.5955555555555555 0.5 0.6177777777777778 0.38 0.6177777777777778 0.24222222222222223
1 0.4222222222222222 0.3488888888888889 0.39555555555555555 0.2822222222222222 0.39111111111111113 0.14888888888888888 0.3488888888888889 0.13777777777777778 0.3288888888888889 0.14888888888888888 0.3288888888888889 0.2111111111111111 0.36444444444444446 0.24222222222222223 0.36444444444444446 0.38 0.39111111111111113 0.5 0.40444444444444444 0.5 0.4222222222222222 0.4822222222222222 0.4222222222222222 0.3488888888888889
1 0.5288888888888889 0.18 0.4911111111111111 0.16444444444444445 0.4622222222222222 0.19333333333333333 0.46556102222222223 0.2557042488888889 0.5295503688888888 0.28237898666666666 0.5288888888888889 0.18
0 0.40444444444444444 0.9 0.4311111111111111 0.8511111111111112 0.4311111111111111 0.7888888888888889 0.4177777777777778 0.7488888888888889 0.3711111111111111 0.7022222222222222 0.32222222222222224 0.6844444444444444 0.2822222222222222 0.6844444444444444 0.22444444444444445 0.7066666666666667 0.19111111111111112 0.7355555555555555 0.1688888888888889 0.78 0.1688888888888889 0.8422222222222222 0.19111111111111112 0.8955555555555555 0.21555555555555556 0.9244444444444444 0.2822222222222222 0.9511111111111111 0.3244444444444444 0.9488888888888889 0.3844444444444444 0.92 0.40444444444444444 0.9