1 0.36 0.5267857142857143 0.37 0.4375 0.36666666666666664 0.43154761904761907 0.36666666666666664 0.38392857142857145 0.35 0.31845238095238093 0.35333333333333333 0.19940476190476192 0.34833333333333333 0.19047619047619047 0.325 0.19047619047619047 0.32 0.19940476190476192 0.3233333333333333 0.3244047619047619 0.30666666666666664 0.3898809523809524 0.30666666666666664 0.46726190476190477 0.32 0.5386904761904762 0.325 0.5476190476190477 0.34 0.5505952380952381 0.3516666666666667 0.5476190476190477 0.36 0.5267857142857143
1 0.87 0.4791666666666667 0.87 0.3958333333333333 0.8533333333333334 0.33035714285714285 0.8566666666666667 0.19940476190476192 0.8283333333333334 0.19642857142857142 0.8233333333333334 0.20535714285714285 0.8266666666666667 0.33630952380952384 0.81 0.3958333333333333 0.8066666666666666 0.45535714285714285 0.82 0.5446428571428571 0.8283333333333334 0.5595238095238095 0.85 0.5565476190476191 0.86 0.5386904761904762 0.87 0.4791666666666667
1 0.77 0.4791666666666667 0.77 0.4255952380952381 0.75 0.34226190476190477 0.7533333333333333 0.21726190476190477 0.745 0.19642857142857142 0.7283333333333334 0.19642857142857142 0.72 0.2113095238095238 0.7233333333333334 0.34226190476190477 0.7066666666666667 0.4017857142857143 0.7033333333333334 0.4791666666666667 0.72 0.5684523809523809 0.75 0.5684523809523809 0.7633333333333333 0.5267857142857143 0.77 0.4791666666666667
1 0.6666666666666666 0.46130952380952384 0.66 0.3958333333333333 0.65 0.3541666666666667 0.6533333333333333 0.22321428571428573 0.635 0.20238095238095238 0.625 0.20833333333333334 0.6166666666666667 0.22916666666666666 0.6233333333333333 0.3482142857142857 0.6066666666666667 0.41369047619047616 0.6033333333333334 0.49107142857142855 0.62 0.5803571428571429 0.65 0.5803571428571429 0.66 0.5565476190476191 0.6666666666666666 0.46130952380952384
1 0.43333333333333335 0.49702380952380953 0.43333333333333335 0.3958333333333333 0.4166666666666667 0.33630952380952384 0.4166666666666667 0.28273809523809523 0.42333333333333334 0.23511904761904762 0.42 0.20535714285714285 0.4083333333333333 0.19047619047619047 0.3983333333333333 0.19047619047619047 0.38666666666666666 0.2113095238095238 0.39 0.33630952380952384 0.37333333333333335 0.4017857142857143 0.37 0.4732142857142857 0.38333333333333336 0.5565476190476191 0.3883333333333333 0.5654761904761905 0.41 0.5684523809523809 0.42 0.5625 0.43333333333333335 0.49702380952380953
1 0.49333333333333335 0.5029761904761905 0.49333333333333335 0.4255952380952381 0.48333333333333334 0.3898809523809524 0.48333333333333334 0.3601190476190476 0.4766666666666667 0.3244047619047619 0.48333333333333334 0.2708333333333333 0.48333333333333334 0.22916666666666666 0.475 0.20833333333333334 0.46166666666666667 0.20238095238095238 0.44666666666666666 0.22916666666666666 0.4533333333333333 0.34226190476190477 0.43666666666666665 0.40773809523809523 0.43333333333333335 0.5029761904761905 0.44666666666666666 0.5744047619047619 0.455 0.5833333333333334 0.4766666666666667 0.5803571428571429 0.48333333333333334 0.5744047619047619 0.49333333333333335 0.5029761904761905
1 0.7033333333333334 0.49107142857142855 0.7033333333333334 0.3898809523809524 0.6866666666666666 0.31845238095238093 0.6933333333333334 0.20535714285714285 0.6883333333333334 0.19642857142857142 0.6616666666666666 0.19642857142857142 0.6566666666666666 0.2113095238095238 0.6566666666666666 0.24107142857142858 0.66 0.24702380952380953 0.6633333333333333 0.31845238095238093 0.6566666666666666 0.34226190476190477 0.6566666666666666 0.38392857142857145 0.6666666666666666 0.43154761904761907 0.6633333333333333 0.5505952380952381 0.6716666666666666 0.5595238095238095 0.6866666666666666 0.5565476190476191 0.6966666666666667 0.5386904761904762 0.7033333333333334 0.49107142857142855
1 0.6 0.4791666666666667 0.6 0.41964285714285715 0.58 0.33630952380952384 0.5833333333333334 0.2113095238095238 0.575 0.19642857142857142 0.5583333333333333 0.19642857142857142 0.55 0.2113095238095238 0.55 0.2767857142857143 0.5533333333333333 0.28273809523809523 0.55 0.38392857142857145 0.56 0.43154761904761907 0.5566666666666666 0.5625 0.5616666666666666 0.5714285714285714 0.58 0.5684523809523809 0.59 0.5505952380952381 0.6 0.4791666666666667
1 0.49666666666666665 0.5089285714285714 0.495 0.48214285714285715 0.49333333333333335 0.5208333333333334 0.49 0.5267857142857143 0.49 0.5505952380952381 0.5 0.5505952380952381 0.5 0.5148809523809523 0.49666666666666665 0.5089285714285714
1 0.5033333333333333 0.40773809523809523 0.51 0.3898809523809524 0.51 0.37797619047619047 0.5166666666666667 0.3601190476190476 0.5133333333333333 0.23511904761904762 0.52 0.21726190476190477 0.52 0.19940476190476192 0.515 0.19047619047619047 0.49166666666666664 0.19047619047619047 0.4866666666666667 0.20535714285714285 0.49 0.3244047619047619 0.4866666666666667 0.33035714285714285 0.4866666666666667 0.3482142857142857 0.48333333333333334 0.3541666666666667 0.48333333333333334 0.38392857142857145 0.49333333333333335 0.41964285714285715 0.49333333333333335 0.44345238095238093 0.49666666666666665 0.44345238095238093 0.5 0.4375 0.5033333333333333 0.40773809523809523
1 0.56 0.4375 0.5433333333333333 0.3601190476190476 0.55 0.24107142857142858 0.5383333333333333 0.21428571428571427 0.525 0.21428571428571427 0.5133333333333333 0.24107142857142858 0.5166666666666667 0.36607142857142855 0.5 0.4375 0.5 0.5267857142857143 0.515 0.5952380952380952 0.5466666666666666 0.5922619047619048 0.56 0.5148809523809523 0.56 0.4375