1 0.3203125 0.5673611111111111 0.3328125 0.49930555555555556 0.334375 0.4548611111111111 0.33046875 0.41458333333333336 0.315625 0.3506944444444444 0.31484375 0.3145833333333333 0.3203125 0.2520833333333333 0.31875 0.2298611111111111 0.316015625 0.225 0.289453125 0.225 0.28515625 0.23541666666666666 0.28515625 0.26180555555555557 0.28984375 0.3451388888888889 0.27265625 0.42291666666666666 0.2703125 0.4840277777777778 0.284375 0.5715277777777777 0.290234375 0.5791666666666667 0.30703125 0.5798611111111112 0.314453125 0.5791666666666667 0.3203125 0.5673611111111111
1 0.396875 0.5590277777777778 0.403125 0.51875 0.4046875 0.48125 0.40078125 0.4395833333333333 0.384375 0.3645833333333333 0.3890625 0.25763888888888886 0.383203125 0.2375 0.367578125 0.23055555555555557 0.35703125 0.2423611111111111 0.353125 0.2590277777777778 0.35859375 0.36736111111111114 0.34140625 0.4409722222222222 0.33828125 0.5020833333333333 0.3421875 0.5381944444444444 0.35390625 0.5951388888888889 0.362890625 0.6041666666666666 0.38046875 0.6034722222222222 0.38828125 0.5965277777777778 0.396875 0.5590277777777778
1 0.4671875 0.5784722222222223 0.4734375 0.5243055555555556 0.4734375 0.49375 0.46953125 0.4534722222222222 0.45625 0.39375 0.46015625 0.27569444444444446 0.451953125 0.25277777777777777 0.441796875 0.24861111111111112 0.433984375 0.25277777777777777 0.425 0.27708333333333335 0.4296875 0.3840277777777778 0.41171875 0.46458333333333335 0.409375 0.5243055555555556 0.4234375 0.6159722222222223 0.429296875 0.6263888888888889 0.45078125 0.6270833333333333 0.45859375 0.6215277777777778 0.4671875 0.5784722222222223
1 0.81953125 0.5645833333333333 0.828125 0.5104166666666666 0.83046875 0.44930555555555557 0.82265625 0.39791666666666664 0.81015625 0.35347222222222224 0.81328125 0.23402777777777778 0.809765625 0.22777777777777777 0.783984375 0.22777777777777777 0.7796875 0.23819444444444443 0.7796875 0.2659722222222222 0.7859375 0.33541666666666664 0.784375 0.3576388888888889 0.76640625 0.4409722222222222 0.765625 0.48541666666666666 0.78125 0.5770833333333333 0.787109375 0.5847222222222223 0.80625 0.5854166666666667 0.813671875 0.5819444444444445 0.81953125 0.5645833333333333
1 0.725 0.59375 0.734375 0.5465277777777777 0.73828125 0.5173611111111112 0.73828125 0.46458333333333335 0.71875 0.3715277777777778 0.72265625 0.25625 0.714453125 0.2361111111111111 0.701171875 0.23333333333333334 0.694921875 0.2375 0.6875 0.25625 0.69296875 0.3701388888888889 0.6765625 0.4423611111111111 0.67265625 0.4965277777777778 0.678125 0.5465277777777777 0.68984375 0.6006944444444444 0.697265625 0.6083333333333333 0.71484375 0.6076388888888888 0.719921875 0.6055555555555555 0.725 0.59375
1 0.48359375 0.5729166666666666 0.48046875 0.5409722222222222 0.48125 0.5020833333333333 0.4859375 0.4701388888888889 0.49453125 0.4395833333333333 0.49609375 0.41597222222222224 0.48125 0.35208333333333336 0.47916666640625005 0.32561728333333334 0.48515625 0.23402777777777778 0.480078125 0.225 0.457421875 0.225 0.453125 0.2298611111111111 0.45078125 0.2423611111111111 0.459375 0.2673611111111111 0.4609375 0.28402777777777777 0.45625 0.38680555555555557 0.471875 0.46875 0.4734375 0.5284722222222222 0.46796875 0.5798611111111112 0.47421875 0.5826388888888889 0.481640625 0.5805555555555556 0.48359375 0.5729166666666666
1 0.64375 0.4965277777777778 0.640625 0.45069444444444445 0.6265625 0.38958333333333334 0.63203125 0.28680555555555554 0.62890625 0.2659722222222222 0.622265625 0.25555555555555554 0.612109375 0.25 0.602734375 0.2569444444444444 0.59609375 0.27708333333333335 0.6 0.3923611111111111 0.5828125 0.46458333333333335 0.5796875 0.5298611111111111 0.583984375 0.55 0.607421875 0.5652777777777778 0.6328125 0.6020833333333333 0.6390625 0.5798611111111112 0.64375 0.4965277777777778
1 0.66171875 0.5229166666666667 0.66640625 0.4798611111111111 0.665625 0.44513888888888886 0.64609375 0.34930555555555554 0.6515625 0.2465277777777778 0.65 0.2326388888888889 0.645703125 0.2263888888888889 0.619921875 0.2263888888888889 0.615625 0.24791666666666667 0.62734375 0.26180555555555557 0.63203125 0.27847222222222223 0.62734375 0.38819444444444445 0.64296875 0.46875 0.64375 0.5201388888888889 0.6390625 0.58125 0.64375 0.5840277777777778 0.65078125 0.5756944444444444 0.66171875 0.5229166666666667
1 0.56796875 0.5381944444444444 0.571875 0.47291666666666665 0.56484375 0.42430555555555555 0.5515625 0.3701388888888889 0.55625 0.25763888888888886 0.548828125 0.2375 0.535546875 0.23194444444444445 0.5234375 0.2465277777777778 0.5203125 0.2659722222222222 0.53046875 0.2826388888888889 0.5328125 0.29791666666666666 0.528125 0.36319444444444443 0.52890625 0.41041666666666665 0.5421875 0.4701388888888889 0.5453125 0.5520833333333334 0.55 0.5590277777777778 0.564453125 0.55 0.56796875 0.5381944444444444
1 0.52109375 0.6006944444444444 0.5453125 0.55625 0.5421875 0.47291666666666665 0.528125 0.40902777777777777 0.53203125 0.29097222222222224 0.528125 0.27847222222222223 0.519140625 0.26666666666666666 0.504296875 0.2722222222222222 0.496875 0.29097222222222224 0.5015625 0.40625 0.484375 0.48125 0.48125 0.5118055555555555 0.48203125 0.5576388888888889 0.4875 0.5951388888888889 0.4984375 0.6451388888888889 0.50703125 0.6479166666666667 0.51015625 0.6451388888888889 0.52109375 0.6006944444444444
0 0.6265625 0.7284722222222222 0.6375 0.6909722222222222 0.63984375 0.6590277777777778 0.63125 0.60625 0.616015625 0.5763888888888888 0.599609375 0.5597222222222222 0.572265625 0.55 0.541015625 0.5680555555555555 0.52421875 0.5951388888888889 0.51328125 0.6298611111111111 0.51015625 0.6715277777777777 0.51640625 0.7131944444444445 0.533203125 0.7486111111111111 0.549609375 0.7652777777777777 0.573046875 0.7777777777777778 0.58125 0.7770833333333333 0.609765625 0.7555555555555555 0.6265625 0.7284722222222222