1 0.26953125 0.6673611111111111 0.28203125 0.6159722222222223 0.2890625 0.4673611111111111 0.26875 0.3701388888888889 0.27421875 0.22569444444444445 0.261328125 0.21944444444444444 0.231640625 0.21805555555555556 0.22890625 0.22152777777777777 0.228125 0.23680555555555555 0.234375 0.3104166666666667 0.23359375 0.3645833333333333 0.209375 0.4673611111111111 0.20625 0.5395833333333333 0.21015625 0.5826388888888889 0.2265625 0.6659722222222222 0.234765625 0.675 0.2546875 0.6756944444444445 0.265234375 0.6736111111111112 0.26953125 0.6673611111111111
1 0.95546875 0.6159722222222223 0.9609375 0.5645833333333333 0.96171875 0.5090277777777777 0.9375 0.4048611111111111 0.94453125 0.2548611111111111 0.934765625 0.25 0.901171875 0.25 0.8984375 0.2534722222222222 0.8984375 0.28541666666666665 0.9046875 0.35347222222222224 0.90234375 0.39791666666666664 0.87578125 0.50625 0.87265625 0.5409722222222222 0.8734375 0.5854166666666667 0.89140625 0.6979166666666666 0.900390625 0.7083333333333334 0.9296875 0.7090277777777778 0.940625 0.6909722222222222 0.95546875 0.6159722222222223
1 0.82578125 0.6604166666666667 0.834375 0.5951388888888889 0.834375 0.5451388888888888 0.8265625 0.49375 0.809375 0.4215277777777778 0.809375 0.36875 0.81640625 0.2826388888888889 0.815625 0.2548611111111111 0.805859375 0.24444444444444444 0.773046875 0.24305555555555555 0.7671875 0.25763888888888886 0.76796875 0.3076388888888889 0.7734375 0.35625 0.771875 0.41875 0.746875 0.5173611111111112 0.74375 0.5465277777777777 0.74375 0.6034722222222222 0.74921875 0.6534722222222222 0.7640625 0.7284722222222222 0.773046875 0.7361111111111112 0.80234375 0.7354166666666667 0.8140625 0.7145833333333333 0.82578125 0.6604166666666667
1 0.690625 0.6770833333333334 0.696875 0.6284722222222222 0.69765625 0.5715277777777777 0.6890625 0.5118055555555555 0.671875 0.4354166666666667 0.678125 0.3173611111111111 0.6765625 0.26458333333333334 0.667578125 0.24166666666666667 0.648046875 0.2375 0.6359375 0.24930555555555556 0.6296875 0.27291666666666664 0.63515625 0.4326388888888889 0.6171875 0.5006944444444444 0.615625 0.5173611111111112 0.6375 0.55625 0.646875 0.5868055555555556 0.65234375 0.6256944444444444 0.65078125 0.6840277777777778 0.6328125 0.7520833333333333 0.642578125 0.7597222222222222 0.6671875 0.7618055555555555 0.67578125 0.7479166666666667 0.690625 0.6770833333333334
1 0.7203125 0.6729166666666667 0.73359375 0.6048611111111111 0.73828125 0.5631944444444444 0.73671875 0.4979166666666667 0.71484375 0.39375 0.71484375 0.32708333333333334 0.721875 0.24791666666666667 0.713671875 0.24027777777777778 0.678515625 0.24027777777777778 0.67578125 0.24375 0.67578125 0.25625 0.67890625 0.2743055555555556 0.6796875 0.36319444444444443 0.67265625 0.43125 0.675 0.4534722222222222 0.69375 0.53125 0.6984375 0.5729166666666666 0.6984375 0.61875 0.6890625 0.6979166666666666 0.7078125 0.6993055555555555 0.71484375 0.69375 0.7203125 0.6729166666666667
1 0.3640625 0.6381944444444444 0.371875 0.5159722222222223 0.36484375 0.4673611111111111 0.34921875 0.3993055555555556 0.34921875 0.33958333333333335 0.35546875 0.2743055555555556 0.35546875 0.23541666666666666 0.351171875 0.2263888888888889 0.317578125 0.22361111111111112 0.310546875 0.2263888888888889 0.3078125 0.23680555555555555 0.3125 0.3923611111111111 0.29140625 0.47847222222222224 0.28671875 0.5256944444444445 0.2859375 0.5993055555555555 0.3046875 0.70625 0.312109375 0.7125 0.3359375 0.7131944444444445 0.34921875 0.7048611111111112 0.3640625 0.6381944444444444
1 0.43203125 0.7368055555555556 0.42265625 0.7048611111111112 0.41328125 0.5868055555555556 0.42109375 0.5243055555555556 0.44140625 0.4673611111111111 0.43515625 0.4201388888888889 0.4421875 0.2590277777777778 0.433203125 0.23333333333333334 0.410546875 0.22777777777777777 0.3984375 0.23958333333333334 0.3921875 0.2659722222222222 0.39765625 0.35208333333333336 0.39765625 0.4215277777777778 0.3734375 0.5215277777777778 0.36875 0.6104166666666667 0.37421875 0.6659722222222222 0.390625 0.74375 0.398828125 0.7513888888888889 0.42265625 0.7506944444444444 0.429296875 0.7458333333333333 0.43203125 0.7368055555555556
1 0.59375 0.49375 0.57578125 0.40902777777777777 0.57734375 0.3215277777777778 0.58203125 0.26458333333333334 0.58125 0.24513888888888888 0.576171875 0.2361111111111111 0.540234375 0.23333333333333334 0.534375 0.2423611111111111 0.5328125 0.26875 0.5390625 0.33541666666666664 0.5390625 0.4048611111111111 0.51640625 0.4909722222222222 0.51328125 0.5131944444444444 0.515625 0.51875 0.548828125 0.4930555555555556 0.59375 0.49375
1 0.46484375 0.40902777777777777 0.4703125 0.29375 0.480859375 0.26805555555555555 0.4953125 0.25763888888888886 0.49609375 0.2423611111111111 0.493359375 0.23333333333333334 0.451171875 0.23055555555555557 0.44921875 0.23680555555555555 0.45390625 0.3576388888888889 0.453125 0.3770833333333333 0.4390625 0.4326388888888889 0.440625 0.45625 0.44453125 0.46319444444444446 0.45703125 0.44375 0.46484375 0.40902777777777777
0 0.63515625 0.7381944444444445 0.65078125 0.68125 0.65234375 0.6326388888888889 0.64296875 0.5756944444444444 0.634375 0.5506944444444445 0.620703125 0.5263888888888889 0.608203125 0.5097222222222222 0.590234375 0.49583333333333335 0.559765625 0.49166666666666664 0.541015625 0.49722222222222223 0.523046875 0.5125 0.49765625 0.55625 0.48203125 0.6048611111111111 0.48125 0.6590277777777778 0.4890625 0.7048611111111112 0.517578125 0.7680555555555556 0.531640625 0.7847222222222222 0.561328125 0.8013888888888889 0.57421875 0.8006944444444445 0.607421875 0.7777777777777778 0.63515625 0.7381944444444445
2 0.999609375 0.19583333333333333 0.918359375 0.19305555555555556 0.914453125 0.20277777777777778 0.909375 0.1909722222222222 0.90703125 0.16597222222222222 0.909765625 0.1388888888888889 1 0.13958333333333334 0.999609375 0 0 0.0006944444444444445 0.000390625 0.20694444444444443 0.187109375 0.21944444444444444 0.252734375 0.2152777777777778 0.288671875 0.225 0.345703125 0.2222222222222222 0.375390625 0.22916666666666666 0.408203125 0.22361111111111112 0.435546875 0.22916666666666666 0.483984375 0.2263888888888889 0.514453125 0.23472222222222222 0.549609375 0.22916666666666666 0.598828125 0.2375 0.705078125 0.23472222222222222 0.741015625 0.24444444444444444 0.796484375 0.24027777777777778 0.850390625 0.24861111111111112 0.912109375 0.24583333333333332 0.99453125 0.2534722222222222 1 0.2520833333333333 0.999609375 0.19583333333333333