1 0.5203125 0.5923611111111111 0.51953125 0.56875 0.5109375 0.5326388888888889 0.5140625 0.47291666666666665 0.508203125 0.46111111111111114 0.501953125 0.46111111111111114 0.49609375 0.47152777777777777 0.49453125 0.4951388888888889 0.49921875 0.50625 0.4984375 0.5298611111111111 0.49296875 0.5423611111111111 0.4859375 0.5784722222222223 0.4921875 0.6381944444444444 0.495703125 0.6486111111111111 0.50078125 0.6493055555555556 0.51171875 0.64375 0.5203125 0.5923611111111111
1 0.40546875 0.5159722222222223 0.396875 0.46597222222222223 0.39921875 0.42291666666666666 0.394140625 0.41388888888888886 0.388671875 0.41388888888888886 0.384375 0.42430555555555555 0.3859375 0.46875 0.378125 0.5006944444444444 0.37734375 0.5298611111111111 0.38203125 0.5618055555555556 0.385546875 0.5666666666666667 0.3953125 0.5659722222222222 0.4 0.5576388888888889 0.40546875 0.5159722222222223
1 0.4390625 0.5354166666666667 0.43046875 0.4895833333333333 0.4328125 0.4395833333333333 0.428515625 0.42916666666666664 0.421484375 0.42777777777777776 0.41640625 0.43819444444444444 0.41875 0.47847222222222224 0.409375 0.5284722222222222 0.409375 0.5520833333333334 0.41484375 0.5854166666666667 0.428125 0.5909722222222222 0.4359375 0.5673611111111111 0.4390625 0.5354166666666667
1 0.47734375 0.5631944444444444 0.4765625 0.5451388888888888 0.46796875 0.5090277777777777 0.47109375 0.45902777777777776 0.465234375 0.4444444444444444 0.4546875 0.45069444444444445 0.45625 0.5090277777777777 0.44609375 0.5451388888888888 0.44609375 0.5784722222222223 0.4515625 0.6104166666666667 0.4609375 0.6173611111111111 0.4703125 0.6118055555555556 0.47734375 0.5631944444444444
1 0.455078125 0.48333333333333334 0.45078125 0.48819444444444443 0.44765625 0.5048611111111111 0.44609375 0.5270833333333333 0.4484375 0.5368055555555555 0.45625 0.50625 0.455078125 0.48333333333333334
1 0.46875 0.42569444444444443 0.465234375 0.41805555555555557 0.458203125 0.4166666666666667 0.4546875 0.42291666666666666 0.453125 0.43819444444444444 0.45546875 0.44930555555555557 0.46796875 0.44513888888888886 0.46875 0.42569444444444443
1 0.49609375 0.47430555555555554 0.5046875 0.45902777777777776 0.50546875 0.45069444444444445 0.5046875 0.43819444444444444 0.498046875 0.42916666666666664 0.4890625 0.4395833333333333 0.48984375 0.4909722222222222 0.48046875 0.53125 0.48203125 0.5659722222222222 0.48671875 0.5784722222222223 0.4984375 0.5298611111111111 0.49609375 0.47430555555555554
1 0.5359375 0.5034722222222222 0.53359375 0.4618055555555556 0.53828125 0.44513888888888886 0.5375 0.42569444444444443 0.530859375 0.41805555555555557 0.526171875 0.42083333333333334 0.52265625 0.43125 0.52421875 0.47708333333333336 0.51640625 0.5048611111111111 0.51484375 0.5298611111111111 0.5203125 0.5659722222222222 0.52578125 0.5673611111111111 0.52890625 0.5298611111111111 0.5359375 0.5034722222222222
1 0.55546875 0.5826388888888889 0.55625 0.55625 0.54765625 0.50625 0.5515625 0.45902777777777776 0.546484375 0.44722222222222224 0.539453125 0.44583333333333336 0.534375 0.45625 0.53515625 0.5104166666666666 0.5265625 0.5451388888888888 0.525 0.5784722222222223 0.53046875 0.6159722222222223 0.54375 0.6201388888888889 0.5484375 0.6159722222222223 0.55546875 0.5826388888888889
1 0.584375 0.5618055555555556 0.58515625 0.5326388888888889 0.578125 0.4965277777777778 0.58125 0.44375 0.576953125 0.43472222222222223 0.569921875 0.43333333333333335 0.5640625 0.4465277777777778 0.565625 0.4909722222222222 0.55625 0.5256944444444445 0.55546875 0.5506944444444445 0.5609375 0.5909722222222222 0.57421875 0.5951388888888889 0.578125 0.5909722222222222 0.584375 0.5618055555555556
1 0.6125 0.5201388888888889 0.61171875 0.5020833333333333 0.60625 0.48125 0.609375 0.4326388888888889 0.601171875 0.42083333333333334 0.59375 0.43125 0.59453125 0.47430555555555554 0.584375 0.5159722222222223 0.58671875 0.5604166666666667 0.591015625 0.5722222222222222 0.60078125 0.5743055555555555 0.6078125 0.5645833333333333 0.6125 0.5201388888888889