1 0.42578125 0.9251302083333334 0.431640625 0.8704427083333334 0.4169921875 0.8274739583333334 0.4189453125 0.7688802083333334 0.41259765625 0.7591145833333334 0.40673828125 0.7578125 0.3984375 0.763671875 0.3955078125 0.7740885416666666 0.3994140625 0.8287760416666666 0.3896484375 0.8600260416666666 0.3876953125 0.896484375 0.3984375 0.939453125 0.40380859375 0.9453125 0.4140625 0.9446614583333334 0.4208984375 0.9407552083333334 0.42578125 0.9251302083333334
1 0.259765625 0.8326822916666666 0.2607421875 0.7975260416666666 0.248046875 0.755859375 0.2509765625 0.7154947916666666 0.24755859375 0.7109375 0.23193359375 0.7109375 0.2353515625 0.7571614583333334 0.2236328125 0.8001302083333334 0.2236328125 0.8209635416666666 0.2333984375 0.857421875 0.23779296875 0.8619791666666666 0.2490234375 0.861328125 0.25390625 0.8561197916666666 0.259765625 0.8326822916666666
1 0.310546875 0.8235677083333334 0.298828125 0.783203125 0.2998046875 0.7298177083333334 0.29443359375 0.7213541666666666 0.28564453125 0.7200520833333334 0.2783203125 0.7311197916666666 0.283203125 0.7766927083333334 0.2724609375 0.8170572916666666 0.271484375 0.8430989583333334 0.28125 0.880859375 0.28564453125 0.88671875 0.298828125 0.8860677083333334 0.30859375 0.8600260416666666 0.310546875 0.8235677083333334
1 0.3681640625 0.8795572916666666 0.3701171875 0.8470052083333334 0.357421875 0.802734375 0.3583984375 0.7467447916666666 0.35400390625 0.7395833333333334 0.34423828125 0.73828125 0.3369140625 0.7493489583333334 0.3408203125 0.791015625 0.328125 0.8404947916666666 0.3271484375 0.8626302083333334 0.3388671875 0.9095052083333334 0.34326171875 0.9140625 0.35546875 0.9134114583333334 0.361328125 0.9069010416666666 0.3681640625 0.8795572916666666
1 0.47265625 0.8444010416666666 0.4599609375 0.8001302083333334 0.4619140625 0.7428385416666666 0.45556640625 0.7330729166666666 0.44677734375 0.7317708333333334 0.439453125 0.7454427083333334 0.443359375 0.8001302083333334 0.4326171875 0.8326822916666666 0.431640625 0.8587239583333334 0.4423828125 0.9016927083333334 0.44580078125 0.90625 0.4599609375 0.9055989583333334 0.4697265625 0.8795572916666666 0.47265625 0.8444010416666666
1 0.5078125 0.814453125 0.49609375 0.7623697916666666 0.498046875 0.7180989583333334 0.48583984375 0.7083333333333334 0.4775390625 0.7180989583333334 0.48046875 0.771484375 0.4716796875 0.7975260416666666 0.4697265625 0.8248697916666666 0.4794921875 0.8678385416666666 0.48388671875 0.8723958333333334 0.49609375 0.8717447916666666 0.5068359375 0.841796875 0.5078125 0.814453125
1 0.5400390625 0.794921875 0.537109375 0.7688802083333334 0.529296875 0.7454427083333334 0.53125 0.7024739583333334 0.51806640625 0.6979166666666666 0.5126953125 0.701171875 0.5146484375 0.7428385416666666 0.50390625 0.787109375 0.51171875 0.837890625 0.5263671875 0.8430989583333334 0.533203125 0.833984375 0.5400390625 0.794921875
1 0.39453125 0.779296875 0.400390625 0.7233072916666666 0.39208984375 0.7135416666666666 0.3798828125 0.7220052083333334 0.3818359375 0.7766927083333334 0.37109375 0.8209635416666666 0.3740234375 0.8509114583333334 0.3818359375 0.8756510416666666 0.38671875 0.8782552083333334 0.3994140625 0.8209635416666666 0.39453125 0.779296875
2 0.72705078125 0.6809895833333334 0.7314453125 0.669921875 0.7197265625 0.646484375 0.720703125 0.6282552083333334 0.70166015625 0.6119791666666666 0.31787109375 0.6328125 0.11962890625 0.6354166666666666 0.111328125 0.6985677083333334 0.169921875 0.712890625 0.66455078125 0.69140625 0.72705078125 0.6809895833333334
1 0.3369140625 0.751953125 0.3466796875 0.7272135416666666 0.3466796875 0.7102864583333334 0.34326171875 0.70703125 0.3271484375 0.7102864583333334 0.3291015625 0.7610677083333334 0.3193359375 0.794921875 0.3203125 0.8209635416666666 0.3271484375 0.8430989583333334 0.33984375 0.8014322916666666 0.3369140625 0.751953125
1 0.4375 0.748046875 0.439453125 0.708984375 0.43701171875 0.7044270833333334 0.42138671875 0.7044270833333334 0.4228515625 0.748046875 0.4189453125 0.7623697916666666 0.4169921875 0.8170572916666666 0.4228515625 0.8430989583333334 0.4306640625 0.8483072916666666 0.443359375 0.798828125 0.4375 0.748046875