1 0.1475 0.4084375 0.13375 0.3609375 0.131875 0.3196875 0.134375 0.2946875 0.151875 0.2434375 0.153125 0.2296875 0.139375 0.1978125 0.1375 0.1815625 0.14125 0.0971875 0.135 0.0834375 0.1265625 0.07625 0.1153125 0.071875 0.1065625 0.071875 0.0934375 0.076875 0.083125 0.0903125 0.0825 0.1115625 0.093125 0.1590625 0.096875 0.2003125 0.07625 0.2615625 0.071875 0.2828125 0.070625 0.3053125 0.07625 0.3396875 0.10375 0.4059375 0.1140625 0.414375 0.12875 0.4153125 0.1421875 0.413125 0.1475 0.4084375
1 0.885625 0.8784375 0.895625 0.8478125 0.945625 0.7415625 0.949375 0.7115625 0.945 0.6971875 0.923125 0.6553125 0.918125 0.6221875 0.9175 0.5790625 0.934375 0.4678125 0.931875 0.4390625 0.924375 0.4190625 0.9096875 0.40375 0.8846875 0.39375 0.8684375 0.393125 0.8490625 0.3975 0.8371875 0.405 0.823125 0.4221875 0.818125 0.4359375 0.816875 0.4753125 0.8325 0.5703125 0.833125 0.6284375 0.825625 0.6603125 0.7975 0.7190625 0.78125 0.7603125 0.7725 0.7996875 0.770625 0.8521875 0.77375 0.8846875 0.781875 0.9184375 0.813125 0.9984375 0.88125 0.9996875 0.8775 0.9315625 0.885625 0.8784375
1 0.78 0.9215625 0.771875 0.8828125 0.76875 0.8515625 0.76875 0.8215625 0.771875 0.7928125 0.78375 0.7465625 0.815625 0.6778125 0.823125 0.6540625 0.783125 0.5721875 0.775625 0.5321875 0.77625 0.5015625 0.790625 0.3996875 0.788125 0.3696875 0.783125 0.3565625 0.7684375 0.339375 0.7446875 0.330625 0.7215625 0.333125 0.7084375 0.33875 0.695 0.3515625 0.6875 0.3684375 0.685625 0.4121875 0.7025 0.4971875 0.70375 0.5421875 0.69875 0.5684375 0.655625 0.6690625 0.64875 0.7009375 0.64625 0.7409375 0.64875 0.7765625 0.656875 0.8134375 0.68 0.8759375 0.695625 0.9090625 0.7053125 0.920625 0.7178125 0.926875 0.7278125 0.93 0.746875 0.9309375 0.7690625 0.928125 0.78 0.9215625
1 0.661875 0.8309375 0.653125 0.8034375 0.646875 0.7703125 0.645625 0.7178125 0.6475 0.7028125 0.66 0.6528125 0.6975 0.5653125 0.70125 0.5371875 0.68625 0.5046875 0.67875 0.4665625 0.679375 0.4271875 0.69125 0.3415625 0.689375 0.3134375 0.681875 0.2971875 0.6721875 0.2875 0.6596875 0.28 0.6384375 0.2775 0.6278125 0.279375 0.6096875 0.29 0.596875 0.3096875 0.594375 0.3209375 0.596875 0.3671875 0.605 0.3996875 0.605 0.4128125 0.609375 0.4240625 0.61125 0.4746875 0.605 0.5053125 0.581875 0.5559375 0.565625 0.6028125 0.560625 0.6359375 0.56 0.6678125 0.5625 0.6940625 0.57 0.7265625 0.60125 0.8059375 0.609375 0.8196875 0.6190625 0.829375 0.6346875 0.83625 0.65625 0.8371875 0.661875 0.8346875 0.661875 0.8309375
1 1 0.4615625 0.9903125 0.460625 0.9709375 0.465625 0.9590625 0.47375 0.94625 0.4896875 0.938125 0.5096875 0.936875 0.5234375 0.94 0.5809375 0.945625 0.6059375 0.953125 0.6709375 0.951875 0.7234375 0.945625 0.7478125 0.9 0.8434375 0.891875 0.8665625 0.880625 0.9165625 0.879375 0.9528125 0.8825 0.9903125 0.8853125 1 1 0.9996875 1 0.4615625
1 0.576875 0.7521875 0.56625 0.7184375 0.560625 0.6878125 0.55875 0.6434375 0.563125 0.6084375 0.579375 0.5584375 0.600625 0.5109375 0.603125 0.4959375 0.578125 0.4446875 0.57375 0.4128125 0.575625 0.3609375 0.58375 0.2996875 0.581875 0.2746875 0.575625 0.2596875 0.5653125 0.248125 0.5484375 0.24125 0.5334375 0.240625 0.5128125 0.248125 0.5 0.2634375 0.495625 0.2778125 0.495625 0.3034375 0.500625 0.3415625 0.506875 0.3609375 0.51125 0.4003125 0.51125 0.4321875 0.504375 0.4559375 0.473125 0.5328125 0.466875 0.5678125 0.466875 0.6096875 0.47625 0.6578125 0.495625 0.7084375 0.5125 0.7440625 0.5203125 0.751875 0.5303125 0.755625 0.564375 0.7571875 0.5728125 0.755625 0.576875 0.7521875
1 0.48125 0.6796875 0.4675 0.6228125 0.465625 0.5696875 0.4675 0.5490625 0.471875 0.5328125 0.47875 0.5109375 0.49875 0.4665625 0.50125 0.4540625 0.4775 0.4046875 0.468125 0.3703125 0.4675 0.3434375 0.47625 0.2671875 0.474375 0.2359375 0.465625 0.2184375 0.4571875 0.210625 0.4434375 0.205 0.4309375 0.204375 0.4153125 0.20875 0.4078125 0.21375 0.3975 0.2271875 0.39375 0.2390625 0.395 0.2753125 0.400625 0.3015625 0.404375 0.3090625 0.409375 0.3446875 0.41 0.3809375 0.401875 0.4134375 0.381875 0.4596875 0.376875 0.4765625 0.370625 0.5109375 0.370625 0.5440625 0.37375 0.5696875 0.381875 0.6003125 0.41375 0.6740625 0.4240625 0.684375 0.4296875 0.686875 0.461875 0.6878125 0.4759375 0.684375 0.48125 0.6796875
1 0.831875 0.6221875 0.83125 0.5728125 0.816875 0.4909375 0.814375 0.4434375 0.8175 0.4309375 0.825 0.4159375 0.8371875 0.4025 0.848125 0.3959375 0.86375 0.2940625 0.86 0.2671875 0.850625 0.2521875 0.8353125 0.24125 0.8246875 0.238125 0.8103125 0.238125 0.7965625 0.243125 0.781875 0.2546875 0.77375 0.2696875 0.77125 0.2809375 0.774375 0.3384375 0.7875 0.3609375 0.791875 0.3871875 0.791875 0.4021875 0.77625 0.5084375 0.77625 0.5321875 0.78375 0.5678125 0.796875 0.5971875 0.824375 0.6478125 0.828125 0.6428125 0.831875 0.6221875
1 0.899375 0.3915625 0.89375 0.3503125 0.894375 0.3271875 0.8975 0.2915625 0.90625 0.2478125 0.9075 0.2234375 0.905625 0.2078125 0.900625 0.1946875 0.8909375 0.185 0.8765625 0.17875 0.8578125 0.17875 0.8428125 0.185 0.83375 0.1934375 0.828125 0.2040625 0.82625 0.2159375 0.826875 0.2365625 0.8415625 0.243125 0.850625 0.2509375 0.859375 0.2628125 0.86375 0.2796875 0.864375 0.3003125 0.85 0.3934375 0.8521875 0.395 0.8765625 0.39125 0.895 0.3953125 0.8984375 0.395 0.899375 0.3915625
1 0.18875 0.4390625 0.1725 0.3890625 0.17 0.3409375 0.180625 0.2921875 0.18875 0.2784375 0.200625 0.2421875 0.20125 0.2153125 0.191875 0.1578125 0.19 0.1315625 0.1925 0.1178125 0.203125 0.1021875 0.1921875 0.09 0.1728125 0.08625 0.1634375 0.08875 0.1565625 0.09375 0.150625 0.1009375 0.146875 0.1121875 0.146875 0.1328125 0.15625 0.1746875 0.159375 0.2103125 0.15375 0.2409375 0.136875 0.2865625 0.133125 0.3071875 0.1325 0.3428125 0.13875 0.3771875 0.161875 0.4365625 0.1734375 0.44375 0.186875 0.4446875 0.189375 0.4434375 0.18875 0.4390625
1 0.236875 0.4709375 0.2275 0.4490625 0.219375 0.4196875 0.216875 0.3971875 0.218125 0.3715625 0.223125 0.3440625 0.241875 0.2940625 0.246875 0.2709375 0.245 0.2384375 0.235 0.1934375 0.23125 0.1565625 0.234375 0.1409375 0.238125 0.1340625 0.251875 0.1209375 0.24625 0.1103125 0.2359375 0.101875 0.2146875 0.099375 0.2071875 0.101875 0.198125 0.1103125 0.191875 0.1228125 0.191875 0.1515625 0.2 0.1921875 0.2025 0.2353125 0.198125 0.2553125 0.176875 0.3084375 0.17125 0.3371875 0.170625 0.3615625 0.1725 0.3853125 0.176875 0.4034375 0.2 0.4646875 0.2121875 0.47625 0.228125 0.4778125 0.2353125 0.476875 0.236875 0.4709375
1 0.266875 0.4903125 0.25875 0.4584375 0.256875 0.4109375 0.265625 0.3709375 0.28625 0.3178125 0.29 0.2965625 0.29 0.2765625 0.285625 0.2471875 0.275 0.1990625 0.274375 0.1734375 0.281875 0.1584375 0.2946875 0.148125 0.29625 0.1440625 0.29 0.1328125 0.2821875 0.126875 0.2715625 0.1225 0.2615625 0.121875 0.2528125 0.12375 0.239375 0.1340625 0.231875 0.1528125 0.234375 0.1859375 0.24625 0.2434375 0.2475 0.2746875 0.239375 0.3028125 0.224375 0.3403125 0.216875 0.3915625 0.21875 0.4134375 0.225625 0.4428125 0.248125 0.4984375 0.2596875 0.5175 0.275625 0.5221875 0.2775 0.5178125 0.266875 0.4903125
1 0.330625 0.5646875 0.314375 0.5140625 0.310625 0.4878125 0.310625 0.4578125 0.31625 0.4240625 0.340625 0.3578125 0.344375 0.3396875 0.344375 0.3121875 0.3325 0.2509375 0.32875 0.2078125 0.335 0.1878125 0.345 0.1765625 0.34125 0.1646875 0.3284375 0.150625 0.3209375 0.146875 0.3015625 0.14625 0.2940625 0.14875 0.28375 0.1571875 0.2775 0.1671875 0.274375 0.1784375 0.2775 0.2128125 0.28375 0.2346875 0.29 0.2746875 0.29 0.3009375 0.285625 0.3215625 0.2625 0.3853125 0.2575 0.4121875 0.2575 0.4378125 0.265 0.4815625 0.279375 0.5221875 0.29375 0.5540625 0.3046875 0.565 0.323125 0.5690625 0.3296875 0.56875 0.330625 0.5646875
1 0.3875 0.6190625 0.371875 0.5621875 0.37 0.5121875 0.3775 0.4715625 0.40375 0.4046875 0.40875 0.3815625 0.408125 0.3603125 0.401875 0.3440625 0.399375 0.3009375 0.39375 0.2753125 0.3925 0.2496875 0.394375 0.2321875 0.40625 0.2121875 0.40625 0.2065625 0.40125 0.1928125 0.3896875 0.17875 0.3765625 0.1725 0.3671875 0.171875 0.3571875 0.17375 0.3428125 0.18125 0.335 0.1896875 0.33 0.2034375 0.33125 0.2371875 0.345625 0.3109375 0.345625 0.3421875 0.34 0.3640625 0.315625 0.4309375 0.31125 0.4828125 0.319375 0.5315625 0.34875 0.6046875 0.3609375 0.61875 0.379375 0.6215625 0.3859375 0.62125 0.3875 0.6190625
1 0.9303125 0.12125 0.9459375 0.121875 0.9653125 0.1325 0.96625 0.1109375 0.95875 0.0934375 0.9503125 0.08625 0.9384375 0.0825 0.9209375 0.084375 0.9121875 0.08875 0.904375 0.0978125 0.899375 0.1115625 0.899375 0.1359375 0.9025 0.1434375 0.9128125 0.129375 0.9303125 0.12125
1 0.506875 0.1090625 0.516875 0.0940625 0.516875 0.0878125 0.51125 0.0784375 0.5015625 0.071875 0.4921875 0.069375 0.4790625 0.070625 0.4690625 0.075625 0.46 0.0884375 0.458125 0.0959375 0.459375 0.1228125 0.4621875 0.12625 0.4709375 0.126875 0.4821875 0.131875 0.49125 0.1409375 0.4946875 0.14875 0.50375 0.1490625 0.508125 0.1465625 0.506875 0.1090625
1 0.6753125 0.12625 0.6909375 0.124375 0.7053125 0.13 0.70875 0.1278125 0.710625 0.0965625 0.706875 0.0859375 0.6984375 0.075625 0.6890625 0.070625 0.6734375 0.069375 0.6615625 0.07375 0.653125 0.0828125 0.64875 0.0921875 0.6475 0.1028125 0.65125 0.1353125 0.655625 0.1415625 0.6621875 0.133125 0.6753125 0.12625
1 0.884375 0.0909375 0.881875 0.0853125 0.8659375 0.07 0.8590625 0.0675 0.8434375 0.06875 0.828125 0.0796875 0.823125 0.0903125 0.8225 0.0978125 0.8409375 0.10125 0.855 0.1128125 0.86125 0.1309375 0.859375 0.1765625 0.875625 0.1771875 0.884375 0.1209375 0.884375 0.0909375
1 0.73625 0.2096875 0.73625 0.1734375 0.7478125 0.155625 0.7640625 0.14625 0.7809375 0.145 0.78375 0.1378125 0.784375 0.1146875 0.78125 0.1028125 0.7703125 0.090625 0.7534375 0.084375 0.7403125 0.08625 0.7309375 0.09125 0.7225 0.1015625 0.71875 0.1128125 0.719375 0.1384375 0.72625 0.1690625 0.72875 0.1928125 0.72875 0.2240625 0.738125 0.2278125 0.74 0.2240625 0.73625 0.2096875
1 0.426875 0.1634375 0.428125 0.1521875 0.434375 0.1384375 0.434375 0.1296875 0.43 0.1171875 0.4203125 0.106875 0.3996875 0.100625 0.3865625 0.104375 0.373125 0.1184375 0.37 0.1278125 0.37 0.1478125 0.37375 0.1703125 0.3884375 0.17625 0.396875 0.1846875 0.40375 0.1940625 0.406875 0.2096875 0.409375 0.2109375 0.430625 0.2003125 0.426875 0.1634375
1 0.331875 0.0965625 0.330625 0.0871875 0.3234375 0.078125 0.3171875 0.074375 0.3071875 0.071875 0.2934375 0.07375 0.2840625 0.079375 0.2775 0.0884375 0.275 0.0971875 0.276875 0.1215625 0.291875 0.1334375 0.2984375 0.145625 0.32625 0.1471875 0.32625 0.1171875 0.331875 0.0965625
1 0.369375 0.1284375 0.373125 0.1178125 0.384375 0.1034375 0.381875 0.0959375 0.3671875 0.08625 0.3490625 0.085625 0.3365625 0.09125 0.329375 0.1021875 0.326875 0.1128125 0.32875 0.1471875 0.3446875 0.16875 0.35375 0.1715625 0.371875 0.1671875 0.369375 0.1284375
1 0.641875 0.1315625 0.6375 0.1178125 0.6315625 0.11125 0.6146875 0.1025 0.6034375 0.101875 0.5921875 0.105625 0.579375 0.1171875 0.574375 0.1290625 0.575 0.1584375 0.57875 0.1771875 0.5809375 0.179375 0.5953125 0.1725 0.6115625 0.1725 0.6234375 0.176875 0.63625 0.1878125 0.641875 0.1584375 0.641875 0.1315625
1 0.57 0.1153125 0.565 0.1015625 0.5584375 0.09375 0.5409375 0.08625 0.5309375 0.08625 0.5209375 0.090625 0.51125 0.1009375 0.506875 0.1103125 0.506875 0.1353125 0.51 0.1509375 0.5340625 0.145 0.5396875 0.145625 0.5509375 0.149375 0.565 0.1609375 0.57 0.1353125 0.57 0.1153125
1 0.824375 0.2171875 0.829375 0.1984375 0.8403125 0.185625 0.856875 0.1765625 0.86 0.1590625 0.860625 0.1315625 0.8575 0.1190625 0.8446875 0.10375 0.8309375 0.099375 0.8171875 0.1 0.8046875 0.10625 0.795 0.1171875 0.790625 0.1321875 0.791875 0.1478125 0.8003125 0.153125 0.8075 0.1615625 0.8125 0.1740625 0.81375 0.1971875 0.80875 0.2353125 0.821875 0.2359375 0.824375 0.2334375 0.824375 0.2171875
1 0.925 0.2828125 0.923125 0.2496875 0.929375 0.2284375 0.934375 0.2209375 0.9446875 0.2125 0.9665625 0.205625 0.97 0.1996875 0.973125 0.1765625 0.971875 0.1459375 0.9615625 0.130625 0.9496875 0.123125 0.9421875 0.12125 0.9290625 0.121875 0.9159375 0.1275 0.909375 0.1334375 0.899375 0.1515625 0.9 0.1784375 0.910625 0.2403125 0.911875 0.2721875 0.90875 0.2903125 0.90875 0.2946875 0.910625 0.2946875 0.9184375 0.285625 0.925 0.2828125
1 0.771875 0.2746875 0.7825 0.2521875 0.80625 0.2353125 0.8125 0.2015625 0.8125 0.1803125 0.8075 0.1640625 0.7965625 0.151875 0.7815625 0.14625 0.7659375 0.14625 0.7478125 0.15625 0.741875 0.1640625 0.736875 0.1803125 0.738125 0.2115625 0.74625 0.2459375 0.749375 0.2728125 0.749375 0.3053125 0.745 0.3265625 0.7471875 0.329375 0.773125 0.3390625 0.770625 0.3046875 0.771875 0.2746875
1 0.61 0.4534375 0.604375 0.4028125 0.594375 0.3534375 0.594375 0.3159375 0.60125 0.2990625 0.6146875 0.284375 0.6359375 0.27625 0.639375 0.2721875 0.644375 0.2121875 0.640625 0.1965625 0.6296875 0.181875 0.6165625 0.174375 0.5990625 0.1725 0.5834375 0.178125 0.57 0.1921875 0.565625 0.2053125 0.565 0.2296875 0.5675 0.2471875 0.576875 0.2590625 0.585 0.2821875 0.585 0.3059375 0.575 0.3846875 0.574375 0.4059375 0.5775 0.4365625 0.604375 0.4915625 0.60875 0.4828125 0.61 0.4534375
1 0.49125 0.2565625 0.494375 0.1809375 0.4975 0.1628125 0.49375 0.1453125 0.4846875 0.134375 0.4728125 0.128125 0.4571875 0.126875 0.4428125 0.131875 0.434375 0.1403125 0.42875 0.1521875 0.428125 0.1790625 0.433125 0.2028125 0.4453125 0.204375 0.4590625 0.21125 0.4675 0.2190625 0.474375 0.2346875 0.475625 0.2903125 0.4725 0.2984375 0.469375 0.3246875 0.468125 0.3653125 0.47375 0.3896875 0.47875 0.3928125 0.49875 0.3384375 0.49125 0.2565625
1 0.43 0.2003125 0.426875 0.1634375 0.42875 0.1496875 0.434375 0.1378125 0.434375 0.1290625 0.43 0.1171875 0.4203125 0.106875 0.3996875 0.100625 0.3865625 0.104375 0.37375 0.1184375 0.37 0.1284375 0.37 0.1471875 0.37375 0.1696875 0.3878125 0.17625 0.39625 0.1840625 0.403125 0.1928125 0.409375 0.2103125 0.4253125 0.204375 0.43 0.2003125
1 0.510625 0.4009375 0.505 0.3609375 0.4984375 0.34375 0.48625 0.3703125 0.47875 0.4003125 0.501875 0.4490625 0.50375 0.4490625 0.51 0.4334375 0.510625 0.4009375
1 0.5484375 0.240625 0.5609375 0.245 0.565 0.2434375 0.56375 0.2128125 0.565625 0.1984375 0.57 0.1890625 0.569375 0.1765625 0.563125 0.1596875 0.5478125 0.1475 0.5215625 0.14625 0.5196875 0.149375 0.5096875 0.153125 0.49875 0.1671875 0.495625 0.1809375 0.494375 0.2165625 0.49875 0.2171875 0.504375 0.2459375 0.5075 0.2484375 0.5303125 0.24 0.5484375 0.240625
1 0.686875 0.4209375 0.6828125 0.41375 0.679375 0.4478125 0.68 0.4740625 0.68875 0.5065625 0.6975 0.5240625 0.700625 0.5246875 0.70125 0.4940625 0.686875 0.4209375
1 0.729375 0.3278125 0.735625 0.2796875 0.73625 0.2534375 0.72875 0.2284375 0.7178125 0.216875 0.7021875 0.21125 0.6859375 0.210625 0.6734375 0.214375 0.66 0.2259375 0.653125 0.2403125 0.65125 0.2684375 0.6534375 0.27625 0.6709375 0.285 0.68625 0.3021875 0.6925 0.3271875 0.69125 0.3478125 0.694375 0.3503125 0.7065625 0.338125 0.729375 0.3278125
1 0.6840625 0.210625 0.6990625 0.210625 0.718125 0.2153125 0.723125 0.1815625 0.7225 0.1534375 0.71625 0.1396875 0.7084375 0.131875 0.6971875 0.12625 0.6821875 0.125 0.6665625 0.130625 0.651875 0.1490625 0.65 0.1559375 0.651875 0.1884375 0.6575 0.2159375 0.66 0.2215625 0.663125 0.2221875 0.6746875 0.213125 0.6840625 0.210625
1 1 0.2209375 0.9928125 0.21375 0.9840625 0.209375 0.9740625 0.206875 0.9571875 0.2075 0.9415625 0.215625 0.9275 0.2328125 0.923125 0.2546875 0.925 0.2796875 0.9284375 0.28375 0.9384375 0.281875 0.9621875 0.283125 0.9753125 0.29 0.984375 0.2990625 0.988125 0.3084375 0.99375 0.3140625 0.99625 0.3221875 0.996875 0.3509375 1 0.3296875 1 0.2209375
1 0.95 0.6740625 0.944375 0.6071875 0.938125 0.5809375 0.93375 0.5209375 0.93875 0.4978125 0.95 0.4803125 0.9653125 0.464375 0.9753125 0.46 0.979375 0.4546875 0.98125 0.4240625 0.99125 0.3803125 0.995 0.3521875 0.994375 0.3240625 0.98875 0.3090625 0.9753125 0.29125 0.9628125 0.284375 0.9540625 0.2825 0.9328125 0.28375 0.9184375 0.28875 0.9025 0.3053125 0.895 0.3296875 0.895 0.3546875 0.900625 0.3921875 0.9025 0.3965625 0.923125 0.4146875 0.929375 0.4240625 0.935 0.4596875 0.9375 0.4628125 0.935 0.4665625 0.929375 0.5165625 0.929375 0.5203125 0.931875 0.5215625 0.9275 0.5246875 0.923125 0.5465625 0.919375 0.5790625 0.920625 0.6159375 0.91875 0.6196875 0.925 0.6509375 0.94125 0.6853125 0.946875 0.6909375 0.949375 0.6865625 0.95 0.6740625