1 0.38828125 0.38263888888888886 0.3875 0.36041666666666666 0.3796875 0.33125 0.3828125 0.29097222222222224 0.376953125 0.2763888888888889 0.369140625 0.2791666666666667 0.36640625 0.2881944444444444 0.36875 0.33541666666666664 0.3609375 0.3701388888888889 0.3609375 0.3909722222222222 0.36640625 0.42291666666666666 0.37421875 0.4284722222222222 0.3828125 0.42291666666666666 0.38828125 0.38263888888888886
1 0.4171875 0.3770833333333333 0.4078125 0.33541666666666664 0.41015625 0.29375 0.406640625 0.2833333333333333 0.399609375 0.28194444444444444 0.39453125 0.29097222222222224 0.39609375 0.3423611111111111 0.38984375 0.36736111111111114 0.38828125 0.39375 0.39453125 0.43125 0.397265625 0.4361111111111111 0.40859375 0.4354166666666667 0.41484375 0.4131944444444444 0.4171875 0.3770833333333333
1 0.44765625 0.38958333333333334 0.43828125 0.34791666666666665 0.4390625 0.29791666666666666 0.431640625 0.2875 0.42421875 0.29930555555555555 0.4265625 0.34791666666666665 0.41875 0.3784722222222222 0.41796875 0.4048611111111111 0.425 0.4409722222222222 0.43828125 0.44375 0.44609375 0.41875 0.44765625 0.38958333333333334
1 0.47734375 0.4048611111111111 0.47578125 0.3909722222222222 0.4703125 0.3854166666666667 0.4703125 0.3090277777777778 0.466796875 0.2972222222222222 0.461328125 0.29444444444444445 0.4546875 0.3104166666666667 0.45703125 0.3548611111111111 0.44921875 0.38958333333333334 0.4484375 0.40902777777777777 0.45546875 0.4479166666666667 0.458984375 0.4527777777777778 0.46796875 0.45208333333333334 0.47421875 0.4395833333333333 0.47734375 0.4048611111111111
1 0.44765625 0.32708333333333334 0.45 0.28680555555555554 0.443359375 0.275 0.437109375 0.2777777777777778 0.43515625 0.2881944444444444 0.440625 0.3076388888888889 0.43828125 0.34652777777777777 0.44765625 0.41041666666666665 0.45390625 0.3548611111111111 0.44765625 0.32708333333333334
1 0.5171875 0.40625 0.515625 0.37430555555555556 0.5078125 0.34375 0.5109375 0.30625 0.504296875 0.2875 0.498046875 0.28888888888888886 0.49375 0.29930555555555555 0.496875 0.3423611111111111 0.48828125 0.3798611111111111 0.49140625 0.4270833333333333 0.49453125 0.4395833333333333 0.50078125 0.44375 0.5109375 0.43819444444444444 0.5171875 0.40625
1 0.55625 0.3840277777777778 0.546875 0.3368055555555556 0.54921875 0.29097222222222224 0.546484375 0.28194444444444444 0.539453125 0.2791666666666667 0.53359375 0.29097222222222224 0.53671875 0.33541666666666664 0.528125 0.3701388888888889 0.52734375 0.39652777777777776 0.53359375 0.43125 0.536328125 0.4361111111111111 0.54296875 0.4354166666666667 0.55078125 0.42569444444444443 0.55625 0.3840277777777778
1 0.59296875 0.38680555555555557 0.5921875 0.36180555555555555 0.58515625 0.3298611111111111 0.58671875 0.28125 0.582421875 0.275 0.576171875 0.275 0.571875 0.2826388888888889 0.575 0.3284722222222222 0.565625 0.36875 0.5703125 0.4173611111111111 0.578125 0.4270833333333333 0.5875 0.4215277777777778 0.59296875 0.38680555555555557
1 0.525 0.3701388888888889 0.51953125 0.3423611111111111 0.51484375 0.3284722222222222 0.51875 0.2951388888888889 0.51796875 0.2798611111111111 0.508984375 0.275 0.5046875 0.27847222222222223 0.503125 0.28680555555555554 0.50859375 0.29375 0.5109375 0.30625 0.5078125 0.34375 0.51640625 0.3784722222222222 0.5171875 0.39375 0.51484375 0.4215277777777778 0.51796875 0.42291666666666666 0.525 0.3923611111111111 0.525 0.3701388888888889
1 0.48359375 0.4131944444444444 0.48671875 0.3951388888888889 0.48671875 0.37569444444444444 0.478125 0.33541666666666664 0.48046875 0.2923611111111111 0.475390625 0.28055555555555556 0.469921875 0.28055555555555556 0.465625 0.28680555555555554 0.4640625 0.29375 0.46875 0.30069444444444443 0.47109375 0.31180555555555556 0.46875 0.34930555555555554 0.471484375 0.35833333333333334 0.47584307265625 0.3726548125 0.48007302812499997 0.38491842083333333 0.47985040703125004 0.39678642777777784 0.478125 0.4215277777777778 0.475 0.4326388888888889 0.4796875 0.4326388888888889 0.48125 0.4173611111111111 0.48359375 0.4131944444444444
0 0.5 0.6423611111111112 0.503125 0.60625 0.492578125 0.5763888888888888 0.479296875 0.5638888888888889 0.469140625 0.5625 0.458984375 0.5680555555555555 0.44296875 0.5895833333333333 0.44140625 0.6159722222222223 0.446875 0.6479166666666667 0.455078125 0.6625 0.467578125 0.6736111111111112 0.4765625 0.6729166666666667 0.486328125 0.6666666666666666 0.5 0.6423611111111112