1 0.59921875 0.34930555555555554 0.60234375 0.23680555555555555 0.58515625 0.14652777777777778 0.59140625 0.02013888888888889 0.583984375 0.001388888888888889 0.563671875 0 0.553125 0.014583333333333334 0.55078125 0.025694444444444443 0.55625 0.14791666666666667 0.53671875 0.22708333333333333 0.534375 0.32569444444444445 0.53671875 0.3576388888888889 0.54765625 0.4048611111111111 0.558203125 0.4125 0.5828125 0.41180555555555554 0.58984375 0.39791666666666664 0.59921875 0.34930555555555554
1 0.489453125 0 0.4859375 0.00625 0.48515625 0.03819444444444445 0.490625 0.09791666666666667 0.490625 0.1326388888888889 0.471875 0.2326388888888889 0.471875 0.3173611111111111 0.4796875 0.34791666666666665 0.482421875 0.3763888888888889 0.51953125 0.3840277777777778 0.525 0.3784722222222222 0.5328125 0.32569444444444445 0.5328125 0.26319444444444445 0.53671875 0.22013888888888888 0.534375 0.19375 0.51953125 0.1326388888888889 0.51875 0.09791666666666667 0.52578125 0.011805555555555555 0.523046875 0 0.489453125 0
1 0.427734375 0 0.42578125 0.021527777777777778 0.43203125 0.07569444444444444 0.43203125 0.11319444444444444 0.4109375 0.19375 0.40703125 0.22847222222222222 0.4078125 0.27569444444444446 0.4234375 0.3645833333333333 0.428515625 0.37083333333333335 0.45546875 0.3715277777777778 0.46328125 0.3548611111111111 0.4703125 0.3145833333333333 0.46953125 0.23680555555555555 0.47421875 0.20347222222222222 0.471875 0.17291666666666666 0.45859375 0.11180555555555556 0.459375 0.06180555555555556 0.46484375 0.00625 0.462890625 0 0.427734375 0
1 0.659375 0.41180555555555554 0.67265625 0.34097222222222223 0.67421875 0.27847222222222223 0.66953125 0.23819444444444443 0.653125 0.16875 0.653125 0.1326388888888889 0.66015625 0.06319444444444444 0.659375 0.034027777777777775 0.651953125 0.016666666666666666 0.635546875 0.011111111111111112 0.625390625 0.018055555555555554 0.61875 0.04097222222222222 0.62265625 0.16597222222222222 0.6046875 0.23680555555555555 0.6 0.3229166666666667 0.60234375 0.3645833333333333 0.61328125 0.4215277777777778 0.621484375 0.42916666666666664 0.64140625 0.42986111111111114 0.654296875 0.4263888888888889 0.659375 0.41180555555555554
1 0.676953125 0 0.66953125 0.01875 0.675 0.13958333333333334 0.66171875 0.1909722222222222 0.675 0.2798611111111111 0.67421875 0.32569444444444445 0.665625 0.38958333333333334 0.670703125 0.4 0.696875 0.40069444444444446 0.703515625 0.39861111111111114 0.7078125 0.38958333333333334 0.7171875 0.3423611111111111 0.721875 0.23125 0.70390625 0.14097222222222222 0.71015625 0.035416666666666666 0.70859375 0.00625 0.704296875 0 0.676953125 0
1 0.78203125 0.3840277777777778 0.79140625 0.26319444444444445 0.7890625 0.23541666666666666 0.771875 0.16041666666666668 0.778125 0.027083333333333334 0.769921875 0.008333333333333333 0.755859375 0.002777777777777778 0.74140625 0.017361111111111112 0.7359375 0.04097222222222222 0.74140625 0.15902777777777777 0.72265625 0.2423611111111111 0.7203125 0.33958333333333335 0.7296875 0.39791666666666664 0.737109375 0.42083333333333334 0.76875 0.42291666666666666 0.77578125 0.41180555555555554 0.78203125 0.3840277777777778
1 0.791015625 0 0.78671875 0.013194444444444444 0.78671875 0.04791666666666667 0.7921875 0.1326388888888889 0.7796875 0.18125 0.79140625 0.2548611111111111 0.784375 0.3840277777777778 0.791796875 0.3902777777777778 0.81328125 0.38958333333333334 0.821875 0.38263888888888886 0.83203125 0.3368055555555556 0.8375 0.23125 0.83671875 0.20902777777777778 0.81953125 0.1326388888888889 0.8265625 0.007638888888888889 0.823828125 0 0.791015625 0
1 0.61796875 0.06319444444444444 0.61953125 0.03125 0.623828125 0.018055555555555554 0.643359375 0.009722222222222222 0.644140625 0 0.60625 0.0006944444444444445 0.6109375 0.10486111111111111 0.60703125 0.13958333333333334 0.5953125 0.18263888888888888 0.6 0.22152777777777777 0.6046875 0.2326388888888889 0.62265625 0.16458333333333333 0.61796875 0.06319444444444444
1 0.90625 0.34375 0.91171875 0.2659722222222222 0.90625 0.21875 0.890625 0.15486111111111112 0.8890625 0.09375 0.886328125 0.08888888888888889 0.8625 0.08541666666666667 0.875390625 0.08055555555555556 0.878515625 0.06666666666666667 0.882421875 0.07916666666666666 0.885546875 0.06805555555555555 0.894921875 0.06805555555555555 0.89296875 0.08402777777777778 0.89921875 0.08541666666666667 0.89921875 0.050694444444444445 0.89609375 0.04513888888888889 0.8953125 0.02013888888888889 0.886328125 0.001388888888888889 0.867578125 0 0.85703125 0.014583333333333334 0.85390625 0.02847222222222222 0.859375 0.15347222222222223 0.8375 0.24097222222222223 0.83671875 0.3159722222222222 0.85078125 0.40069444444444446 0.858203125 0.4097222222222222 0.88359375 0.41041666666666665 0.8953125 0.3923611111111111 0.90625 0.34375
1 0.979296875 0 0.971875 0.021527777777777778 0.971875 0.06041666666666667 0.97734375 0.10208333333333333 0.9765625 0.13958333333333334 0.9546875 0.22013888888888888 0.95 0.2923611111111111 0.95546875 0.3423611111111111 0.96640625 0.3923611111111111 0.972265625 0.39861111111111114 0.9984375 0.39791666666666664 1 0.0006944444444444445 0.979296875 0
0 0.540234375 0.6388888888888888 0.55625 0.6118055555555556 0.571875 0.5548611111111111 0.5734375 0.50625 0.5640625 0.4534722222222222 0.547265625 0.4166666666666667 0.510546875 0.38472222222222224 0.482421875 0.37916666666666665 0.443359375 0.4111111111111111 0.4265625 0.43819444444444444 0.41328125 0.48680555555555555 0.41171875 0.5368055555555555 0.41953125 0.5854166666666667 0.437890625 0.6263888888888889 0.466796875 0.6625 0.49140625 0.6701388888888888 0.522265625 0.6541666666666667 0.540234375 0.6388888888888888