1 0.04140625 0.3784722222222222 0.040625 0.34652777777777777 0.0328125 0.30069444444444443 0.0359375 0.26875 0.032421875 0.2625 0.01953125 0.2659722222222222 0.02265625 0.3104166666666667 0.01640625 0.34097222222222223 0.01640625 0.3784722222222222 0.0203125 0.39652777777777776 0.02421875 0.40069444444444446 0.036328125 0.39444444444444443 0.04140625 0.3784722222222222
1 0.015625 0.3284722222222222 0.00859375 0.3020833333333333 0.009375 0.2659722222222222 0.000390625 0.2625 0 0.3923611111111111 0.00625 0.3923611111111111 0.0140625 0.3770833333333333 0.015625 0.3284722222222222
1 0.0546875 0.32013888888888886 0.0453125 0.28541666666666665 0.04609375 0.2659722222222222 0.037109375 0.2638888888888889 0.0328125 0.3076388888888889 0.0390625 0.33819444444444446 0.04140625 0.3798611111111111 0.05 0.38263888888888886 0.0546875 0.3701388888888889 0.0546875 0.32013888888888886
1 0.0796875 0.3715277777777778 0.08125 0.33541666666666664 0.071875 0.2965277777777778 0.07421875 0.2659722222222222 0.062890625 0.2625 0.06015625 0.2659722222222222 0.0625 0.30069444444444443 0.05625 0.32708333333333334 0.05546875 0.3590277777777778 0.059375 0.38680555555555557 0.071875 0.3923611111111111 0.07578125 0.38958333333333334 0.0796875 0.3715277777777778
1 0.11875 0.32430555555555557 0.10859375 0.28680555555555554 0.1109375 0.2659722222222222 0.102734375 0.2625 0.09921875 0.2659722222222222 0.1015625 0.28958333333333336 0.09296875 0.33958333333333335 0.1 0.3784722222222222 0.11171875 0.38125 0.11875 0.34652777777777777 0.11875 0.32430555555555557
1 0.3046875 0.34930555555555554 0.3046875 0.32430555555555557 0.296875 0.29097222222222224 0.29765625 0.26458333333333334 0.290234375 0.2625 0.28671875 0.26458333333333334 0.28828125 0.28680555555555554 0.28125 0.3145833333333333 0.2796875 0.3423611111111111 0.2859375 0.3770833333333333 0.2953125 0.38125 0.29921875 0.3770833333333333 0.3046875 0.34930555555555554
1 0.32421875 0.29930555555555555 0.3265625 0.26458333333333334 0.316015625 0.2625 0.31328125 0.26458333333333334 0.31484375 0.30069444444444443 0.30703125 0.33958333333333335 0.30703125 0.3548611111111111 0.31328125 0.38680555555555557 0.3265625 0.38958333333333334 0.33359375 0.3423611111111111 0.32421875 0.29930555555555555
1 0.36328125 0.3576388888888889 0.35390625 0.3090277777777778 0.35703125 0.2659722222222222 0.344140625 0.2625 0.34140625 0.26458333333333334 0.34375 0.3090277777777778 0.33671875 0.33958333333333335 0.3359375 0.36319444444444443 0.34375 0.39791666666666664 0.35390625 0.40069444444444446 0.3609375 0.3798611111111111 0.36328125 0.3576388888888889
1 0.3921875 0.3506944444444444 0.384375 0.3145833333333333 0.3890625 0.2659722222222222 0.382421875 0.2638888888888889 0.376171875 0.2652777777777778 0.37265625 0.27291666666666664 0.375 0.3145833333333333 0.365625 0.36319444444444443 0.371875 0.4076388888888889 0.37890625 0.40902777777777777 0.3921875 0.3840277777777778 0.3921875 0.3506944444444444
1 0.42734375 0.34375 0.41953125 0.30069444444444443 0.42421875 0.26458333333333334 0.409765625 0.2625 0.4078125 0.28680555555555554 0.41015625 0.3076388888888889 0.4015625 0.34375 0.4015625 0.3645833333333333 0.40703125 0.3951388888888889 0.409765625 0.4 0.41875 0.3993055555555556 0.42734375 0.3701388888888889 0.42734375 0.34375
1 0.46328125 0.34097222222222223 0.45390625 0.28958333333333336 0.45703125 0.2659722222222222 0.447265625 0.2611111111111111 0.44296875 0.26319444444444445 0.4453125 0.2951388888888889 0.4375 0.32708333333333334 0.43671875 0.35347222222222224 0.44296875 0.38680555555555557 0.45234375 0.38958333333333334 0.459375 0.37569444444444444 0.46328125 0.34097222222222223
1 0.49609375 0.32013888888888886 0.48828125 0.2881944444444444 0.4890625 0.26319444444444445 0.479296875 0.2611111111111111 0.47734375 0.2673611111111111 0.4796875 0.28680555555555554 0.471875 0.32013888888888886 0.47109375 0.33819444444444446 0.47734375 0.37430555555555556 0.48828125 0.3784722222222222 0.49453125 0.36180555555555555 0.49609375 0.32013888888888886
1 0.64453125 0.32708333333333334 0.63671875 0.28958333333333336 0.63671875 0.26319444444444445 0.627734375 0.25833333333333336 0.6265625 0.28680555555555554 0.61875 0.3173611111111111 0.61875 0.33958333333333335 0.62421875 0.37430555555555556 0.6359375 0.37569444444444444 0.64296875 0.34930555555555554 0.64453125 0.32708333333333334
1 0.6765625 0.33402777777777776 0.66875 0.2965277777777778 0.6703125 0.2604166666666667 0.658203125 0.25833333333333336 0.6578125 0.2965277777777778 0.6484375 0.3423611111111111 0.6546875 0.38263888888888886 0.66484375 0.38680555555555557 0.67265625 0.3715277777777778 0.6765625 0.33402777777777776
0 0.4421875 0.5715277777777777 0.44375 0.5409722222222222 0.434765625 0.5125 0.426171875 0.5041666666666667 0.412890625 0.5027777777777778 0.39453125 0.5201388888888889 0.38984375 0.5534722222222223 0.39375 0.5743055555555555 0.404296875 0.5944444444444444 0.42109375 0.6006944444444444 0.431640625 0.5930555555555556 0.4421875 0.5715277777777777
1 0.3609375 0.2923611111111111 0.355078125 0.28888888888888886 0.35390625 0.3104166666666667 0.3625 0.34791666666666665 0.3625 0.3645833333333333 0.36484375 0.3659722222222222 0.36875 0.32430555555555557 0.3609375 0.2923611111111111