0 0.45859375 0.5548611111111111 0.4625 0.5395833333333333 0.4625 0.5145833333333333 0.45859375 0.49930555555555556 0.450390625 0.4861111111111111 0.431640625 0.4791666666666667 0.4125 0.4979166666666667 0.4078125 0.5173611111111112 0.4078125 0.5368055555555555 0.41328125 0.5604166666666667 0.419140625 0.5694444444444444 0.432421875 0.5791666666666667 0.44140625 0.5784722222222223 0.451953125 0.5694444444444444 0.45859375 0.5548611111111111
1 0.13046875 0.3284722222222222 0.1203125 0.28680555555555554 0.12265625 0.2659722222222222 0.119921875 0.2611111111111111 0.112109375 0.2611111111111111 0.109375 0.26458333333333334 0.11171875 0.28680555555555554 0.10390625 0.3215277777777778 0.103125 0.3423611111111111 0.109375 0.38125 0.11953125 0.3854166666666667 0.125 0.38125 0.13046875 0.3284722222222222
1 0.09140625 0.34097222222222223 0.08125 0.2965277777777778 0.0828125 0.26319444444444445 0.071484375 0.25972222222222224 0.0671875 0.2659722222222222 0.0703125 0.30069444444444443 0.0640625 0.32569444444444445 0.0625 0.3576388888888889 0.0671875 0.38819444444444445 0.071484375 0.39444444444444443 0.08046875 0.3951388888888889 0.0875 0.3840277777777778 0.09140625 0.34097222222222223
1 0.0484375 0.3729166666666667 0.046875 0.3423611111111111 0.040625 0.3104166666666667 0.0421875 0.2659722222222222 0.038671875 0.25972222222222224 0.029296875 0.25972222222222224 0.025 0.26458333333333334 0.02734375 0.3159722222222222 0.02109375 0.3729166666666667 0.0296875 0.4048611111111111 0.0390625 0.40625 0.04296875 0.40208333333333335 0.0484375 0.3729166666666667
1 0.0625 0.32708333333333334 0.0515625 0.28680555555555554 0.05390625 0.26319444444444445 0.043359375 0.2611111111111111 0.03984375 0.3104166666666667 0.046875 0.34652777777777777 0.046875 0.3840277777777778 0.053125 0.3840277777777778 0.06015625 0.3659722222222222 0.0625 0.32708333333333334
1 0 0.32013888888888886 0.0078125 0.3576388888888889 0.00625 0.3923611111111111 0.0109375 0.39375 0.01796875 0.3840277777777778 0.021875 0.33541666666666664 0.0125 0.2951388888888889 0.01484375 0.26458333333333334 0.012109375 0.25972222222222224 0.004296875 0.25972222222222224 0 0.26458333333333334 0 0.32013888888888886
1 0.31640625 0.2881944444444444 0.31796875 0.26319444444444445 0.310546875 0.25972222222222224 0.30546875 0.26458333333333334 0.3078125 0.28680555555555554 0.3 0.31875 0.29921875 0.3451388888888889 0.30546875 0.3798611111111111 0.31875 0.38263888888888886 0.32578125 0.33402777777777776 0.31640625 0.2881944444444444
1 0.35625 0.3423611111111111 0.34609375 0.2965277777777778 0.3484375 0.26458333333333334 0.345703125 0.25972222222222224 0.337890625 0.25972222222222224 0.33359375 0.26458333333333334 0.3359375 0.30069444444444443 0.32890625 0.3298611111111111 0.328125 0.3548611111111111 0.33515625 0.3909722222222222 0.3484375 0.3951388888888889 0.35390625 0.3729166666666667 0.35625 0.3423611111111111
1 0.38671875 0.34930555555555554 0.378125 0.3090277777777778 0.38046875 0.26458333333333334 0.368359375 0.25972222222222224 0.3640625 0.2659722222222222 0.36796875 0.3076388888888889 0.359375 0.3423611111111111 0.359375 0.3729166666666667 0.368359375 0.4041666666666667 0.37890625 0.4048611111111111 0.3859375 0.3784722222222222 0.38671875 0.34930555555555554
1 0.4140625 0.40069444444444446 0.41875 0.37569444444444444 0.4171875 0.3506944444444444 0.40859375 0.3090277777777778 0.41328125 0.2659722222222222 0.408203125 0.25972222222222224 0.400390625 0.2625 0.39609375 0.27152777777777776 0.3984375 0.31875 0.38984375 0.3576388888888889 0.3921875 0.3951388888888889 0.39609375 0.41041666666666665 0.4015625 0.4131944444444444 0.408203125 0.4111111111111111 0.4140625 0.40069444444444446
1 0.45625 0.34930555555555554 0.446875 0.3090277777777778 0.45 0.26319444444444445 0.447265625 0.25833333333333336 0.436328125 0.25833333333333336 0.43359375 0.26180555555555557 0.4359375 0.3076388888888889 0.428125 0.3423611111111111 0.428125 0.3715277777777778 0.435546875 0.4041666666666667 0.4484375 0.40347222222222223 0.45625 0.3645833333333333 0.45625 0.34930555555555554
1 0.4921875 0.33819444444444446 0.48359375 0.30069444444444443 0.48515625 0.26180555555555557 0.473046875 0.25833333333333336 0.47109375 0.26875 0.4734375 0.29930555555555555 0.46640625 0.32708333333333334 0.46484375 0.3548611111111111 0.47109375 0.3909722222222222 0.4828125 0.3951388888888889 0.49140625 0.36319444444444443 0.4921875 0.33819444444444446
1 0.528125 0.32569444444444445 0.51875 0.28541666666666665 0.5203125 0.2590277777777778 0.508984375 0.25833333333333336 0.509375 0.2881944444444444 0.503125 0.31319444444444444 0.5015625 0.3423611111111111 0.5078125 0.3770833333333333 0.511328125 0.3819444444444444 0.5203125 0.38125 0.525 0.3701388888888889 0.528125 0.32569444444444445
1 0.684375 0.32569444444444445 0.6765625 0.28680555555555554 0.67734375 0.25763888888888886 0.667578125 0.25555555555555554 0.66484375 0.2590277777777778 0.665625 0.2826388888888889 0.6578125 0.31319444444444444 0.65703125 0.3368055555555556 0.6625 0.37430555555555556 0.666796875 0.38055555555555554 0.67578125 0.3798611111111111 0.684375 0.3451388888888889 0.684375 0.32569444444444445
1 0.71484375 0.3701388888888889 0.71484375 0.3298611111111111 0.7109375 0.29791666666666666 0.7125 0.2590277777777778 0.702734375 0.25416666666666665 0.696875 0.25763888888888886 0.6984375 0.29375 0.690625 0.3229166666666667 0.68984375 0.35208333333333336 0.69609375 0.38819444444444445 0.70859375 0.3909722222222222 0.7125 0.38680555555555557 0.71484375 0.3701388888888889