1 0.35 0.4534722222222222 0.33984375 0.39375 0.34609375 0.30069444444444443 0.3453125 0.24930555555555556 0.333203125 0.21805555555555556 0.315234375 0.20555555555555555 0.298828125 0.21388888888888888 0.290625 0.2298611111111111 0.2875 0.2520833333333333 0.29921875 0.38680555555555557 0.2984375 0.4215277777777778 0.29296875 0.4576388888888889 0.30625 0.46041666666666664 0.346484375 0.4583333333333333 0.35 0.4534722222222222
1 0.350390625 0.7652777777777777 0.36015625 0.74375 0.37734375 0.6173611111111111 0.37578125 0.5520833333333334 0.369140625 0.525 0.287890625 0.525 0.278515625 0.5277777777777778 0.275 0.5368055555555555 0.2703125 0.5826388888888889 0.2703125 0.6215277777777778 0.2765625 0.6701388888888888 0.30078125 0.76875 0.310546875 0.7833333333333333 0.3203125 0.7826388888888889 0.333984375 0.7791666666666667 0.350390625 0.7652777777777777
1 0.6015625 0.39791666666666664 0.60078125 0.3701388888888889 0.609375 0.21597222222222223 0.60390625 0.18958333333333333 0.596484375 0.1763888888888889 0.586328125 0.16944444444444445 0.576171875 0.16944444444444445 0.561328125 0.18333333333333332 0.55078125 0.22013888888888888 0.55078125 0.2534722222222222 0.56015625 0.36319444444444443 0.559375 0.39375 0.5515625 0.4423611111111111 0.5578125 0.4465277777777778 0.6109375 0.4423611111111111 0.6015625 0.39791666666666664
1 0.6109375 0.7631944444444444 0.6296875 0.6715277777777777 0.63671875 0.6034722222222222 0.63203125 0.5256944444444445 0.624609375 0.5125 0.537109375 0.5152777777777777 0.5328125 0.5229166666666667 0.53046875 0.54375 0.5296875 0.6201388888888889 0.54609375 0.7201388888888889 0.5546875 0.75625 0.559765625 0.7652777777777777 0.570703125 0.7736111111111111 0.59375 0.7756944444444445 0.604296875 0.7722222222222223 0.6109375 0.7631944444444444
1 0.90703125 0.4201388888888889 0.896875 0.3770833333333333 0.8953125 0.34930555555555554 0.8984375 0.2798611111111111 0.90546875 0.22430555555555556 0.90546875 0.17430555555555555 0.894921875 0.1486111111111111 0.879296875 0.14027777777777778 0.859765625 0.14583333333333334 0.845703125 0.16111111111111112 0.83359375 0.18541666666666667 0.83125 0.20208333333333334 0.83125 0.24513888888888888 0.83828125 0.29097222222222224 0.84140625 0.34791666666666665 0.84140625 0.38263888888888886 0.8328125 0.42569444444444443 0.8640625 0.4270833333333333 0.902734375 0.425 0.90703125 0.4201388888888889
1 0.94140625 0.6465277777777778 0.94453125 0.5618055555555556 0.93671875 0.5131944444444444 0.930078125 0.5027777777777778 0.914453125 0.5 0.842578125 0.49722222222222223 0.812109375 0.5013888888888889 0.80625 0.5173611111111112 0.803125 0.5451388888888888 0.803125 0.6006944444444444 0.809375 0.6493055555555556 0.83046875 0.74375 0.837890625 0.7597222222222222 0.855859375 0.7722222222222223 0.873046875 0.7791666666666667 0.90234375 0.7798611111111111 0.91640625 0.7465277777777778 0.94140625 0.6465277777777778
1 0.49765625 0.33541666666666664 0.491015625 0.3111111111111111 0.483203125 0.30416666666666664 0.473828125 0.30416666666666664 0.46484375 0.3159722222222222 0.4609375 0.3298611111111111 0.465625 0.44930555555555557 0.4890625 0.45069444444444445 0.49765625 0.36319444444444443 0.49765625 0.33541666666666664
1 0.50625 0.6145833333333334 0.50859375 0.5756944444444444 0.50703125 0.5243055555555556 0.500390625 0.5097222222222222 0.454296875 0.5138888888888888 0.45 0.5354166666666667 0.4515625 0.5618055555555556 0.448828125 0.5527777777777778 0.446875 0.55625 0.44765625 0.5715277777777777 0.451171875 0.5666666666666667 0.45234375 0.5701388888888889 0.451171875 0.5888888888888889 0.448046875 0.5736111111111111 0.446875 0.5798611111111112 0.446875 0.6173611111111111 0.45078125 0.6520833333333333 0.458984375 0.6861111111111111 0.469140625 0.6916666666666667 0.484375 0.6909722222222222 0.49375 0.68125 0.50625 0.6145833333333334
1 0.6703125 0.42430555555555555 0.665625 0.38263888888888886 0.6640625 0.27847222222222223 0.659765625 0.2722222222222222 0.647265625 0.28055555555555556 0.63828125 0.30069444444444443 0.64375 0.43819444444444444 0.64921875 0.4395833333333333 0.666796875 0.4375 0.6703125 0.42430555555555555
1 0.6859375 0.6618055555555555 0.69765625 0.5993055555555555 0.7 0.54375 0.696875 0.5131944444444444 0.694140625 0.5041666666666667 0.685546875 0.5013888888888889 0.666015625 0.5097222222222222 0.634765625 0.5111111111111111 0.6328125 0.5215277777777778 0.6375 0.5673611111111111 0.6359375 0.6368055555555555 0.63984375 0.6576388888888889 0.645703125 0.6722222222222223 0.651953125 0.6763888888888889 0.6765625 0.6770833333333334 0.680859375 0.675 0.6859375 0.6618055555555555
1 0.44296875 0.3659722222222222 0.437109375 0.3486111111111111 0.426171875 0.3458333333333333 0.41875 0.3548611111111111 0.41484375 0.37430555555555556 0.4203125 0.45208333333333334 0.43828125 0.4534722222222222 0.44453125 0.38680555555555557 0.44296875 0.3659722222222222
1 0.44453125 0.5590277777777778 0.44765625 0.5159722222222223 0.443359375 0.5111111111111111 0.412109375 0.5083333333333333 0.40703125 0.5298611111111111 0.40703125 0.5631944444444444 0.4125 0.6034722222222222 0.419921875 0.6291666666666667 0.43671875 0.63125 0.44609375 0.6243055555555556 0.44453125 0.5590277777777778
1 0.52578125 0.5201388888888889 0.522265625 0.5152777777777777 0.511328125 0.5152777777777777 0.5078125 0.5201388888888889 0.5109375 0.5520833333333334 0.509375 0.6006944444444444 0.51640625 0.6006944444444444 0.52578125 0.5506944444444445 0.52578125 0.5201388888888889
1 0.51484375 0.3840277777777778 0.512109375 0.3763888888888889 0.501171875 0.37083333333333335 0.49609375 0.3770833333333333 0.49375 0.3909722222222222 0.4953125 0.44513888888888886 0.497265625 0.45 0.509375 0.44930555555555557 0.5125 0.4465277777777778 0.51484375 0.3840277777777778
1 0.12265625 0.46597222222222223 0.115625 0.4076388888888889 0.11796875 0.36319444444444443 0.12421875 0.32013888888888886 0.12421875 0.2798611111111111 0.111328125 0.2513888888888889 0.091796875 0.2375 0.074609375 0.2388888888888889 0.068359375 0.24444444444444444 0.05859375 0.2659722222222222 0.059375 0.3145833333333333 0.0703125 0.4048611111111111 0.06953125 0.4326388888888889 0.059375 0.47152777777777777 0.0734375 0.47430555555555554 0.113671875 0.4722222222222222 0.12265625 0.46597222222222223
1 0.1296875 0.7479166666666667 0.1484375 0.6659722222222222 0.153125 0.6256944444444444 0.153125 0.5715277777777777 0.14921875 0.5465277777777777 0.143359375 0.5333333333333333 0.057421875 0.5333333333333333 0.043359375 0.5375 0.0375 0.5479166666666667 0.03046875 0.5951388888888889 0.03046875 0.6326388888888889 0.03671875 0.6798611111111111 0.0609375 0.7631944444444444 0.066796875 0.7722222222222223 0.07421875 0.7729166666666667 0.113671875 0.7638888888888888 0.1296875 0.7479166666666667