1 0.73359375 0.8243055555555555 0.734375 0.7979166666666667 0.72890625 0.7534722222222222 0.74296875 0.7020833333333333 0.74453125 0.6840277777777778 0.737890625 0.6666666666666666 0.732421875 0.6680555555555555 0.726171875 0.6611111111111111 0.715625 0.6701388888888888 0.709375 0.7340277777777777 0.70625 0.7451388888888889 0.6875 0.7743055555555556 0.68203125 0.8020833333333334 0.68125 0.83125 0.6859375 0.8645833333333334 0.692578125 0.8805555555555555 0.703125 0.8854166666666666 0.72265625 0.8604166666666667 0.73359375 0.8243055555555555
1 0.35546875 0.9465277777777777 0.36015625 0.9145833333333333 0.36015625 0.8895833333333333 0.3546875 0.8604166666666667 0.334375 0.8201388888888889 0.33203125 0.7479166666666667 0.325390625 0.7361111111111112 0.315625 0.7298611111111111 0.3125 0.6979166666666666 0.309765625 0.6944444444444444 0.3078125 0.7326388888888888 0.29765625 0.7631944444444444 0.29921875 0.7840277777777778 0.3109375 0.8354166666666667 0.303125 0.8770833333333333 0.3015625 0.9145833333333333 0.30703125 0.9423611111111111 0.313671875 0.9583333333333334 0.330078125 0.9819444444444444 0.33984375 0.98125 0.3484375 0.9715277777777778 0.35546875 0.9465277777777777
1 0.4890625 0.9090277777777778 0.49296875 0.8534722222222222 0.4890625 0.8284722222222223 0.4796875 0.8090277777777778 0.47734375 0.7923611111111111 0.48125 0.7465277777777778 0.48046875 0.71875 0.46875 0.7020833333333333 0.466796875 0.6930555555555555 0.4515625 0.7243055555555555 0.45703125 0.7965277777777777 0.44375 0.8451388888888889 0.44296875 0.8729166666666667 0.446875 0.9006944444444445 0.46171875 0.9409722222222222 0.465234375 0.9472222222222222 0.47265625 0.9465277777777777 0.47890625 0.9395833333333333 0.4890625 0.9090277777777778
1 0.61875 0.8506944444444444 0.6171875 0.8145833333333333 0.609375 0.7770833333333333 0.61875 0.7020833333333333 0.61015625 0.6840277777777778 0.61171875 0.6354166666666666 0.608984375 0.6319444444444444 0.60234375 0.68125 0.594140625 0.6861111111111111 0.590625 0.6951388888888889 0.5875 0.7743055555555556 0.57734375 0.7923611111111111 0.5703125 0.8256944444444444 0.5703125 0.8604166666666667 0.578125 0.9006944444444445 0.583984375 0.9125 0.59375 0.9145833333333333 0.609375 0.8895833333333333 0.61875 0.8506944444444444
1 0.53046875 0.7243055555555555 0.52734375 0.6840277777777778 0.52109375 0.6659722222222222 0.52421875 0.6006944444444444 0.51484375 0.5798611111111112 0.513671875 0.5388888888888889 0.51015625 0.58125 0.5015625 0.5979166666666667 0.50234375 0.6645833333333333 0.49453125 0.6854166666666667 0.490625 0.7118055555555556 0.49140625 0.7409722222222223 0.4984375 0.7743055555555556 0.505859375 0.7861111111111111 0.5125 0.7854166666666667 0.521875 0.7701388888888889 0.53046875 0.7243055555555555
1 0.604296875 0.6458333333333334 0.5921875 0.6784722222222223 0.59296875 0.6909722222222222 0.603125 0.6784722222222223 0.604296875 0.6458333333333334
1 0.6296875 0.7145833333333333 0.62890625 0.6756944444444445 0.62421875 0.64375 0.63203125 0.5840277777777778 0.628515625 0.5708333333333333 0.620703125 0.5652777777777778 0.612890625 0.5680555555555555 0.60703125 0.5854166666666667 0.6078125 0.6229166666666667 0.61171875 0.6451388888888889 0.61015625 0.6798611111111111 0.61875 0.7034722222222223 0.61171875 0.7520833333333333 0.61328125 0.7604166666666666 0.62578125 0.7354166666666667 0.6296875 0.7145833333333333
1 0.553125 0.6076388888888888 0.54765625 0.58125 0.55234375 0.5159722222222223 0.54609375 0.5020833333333333 0.545703125 0.475 0.54140625 0.47708333333333336 0.540625 0.5006944444444444 0.53359375 0.5173611111111112 0.53359375 0.5715277777777777 0.525 0.5993055555555555 0.52265625 0.6326388888888889 0.52421875 0.6659722222222222 0.532421875 0.6777777777777778 0.5421875 0.6770833333333334 0.553125 0.6354166666666666 0.553125 0.6076388888888888
1 0.46328125 0.6034722222222222 0.45625 0.5798611111111112 0.45859375 0.5229166666666667 0.4515625 0.5104166666666666 0.447265625 0.48333333333333334 0.4453125 0.5104166666666666 0.440625 0.5229166666666667 0.44140625 0.5881944444444445 0.434375 0.6229166666666667 0.43359375 0.6465277777777778 0.44296875 0.6881944444444444 0.4546875 0.6923611111111111 0.46171875 0.6854166666666667 0.46328125 0.6034722222222222
1 0.41875 0.7909722222222222 0.425 0.7548611111111111 0.42421875 0.71875 0.409375 0.6798611111111111 0.40859375 0.60625 0.404296875 0.5986111111111111 0.392578125 0.5972222222222222 0.3875 0.6034722222222222 0.384375 0.6173611111111111 0.39140625 0.6840277777777778 0.38359375 0.7104166666666667 0.38046875 0.7395833333333334 0.3828125 0.7631944444444444 0.39609375 0.8034722222222223 0.40703125 0.8090277777777778 0.414453125 0.8027777777777778 0.41875 0.7909722222222222
1 0.4984375 0.5534722222222223 0.48984375 0.5118055555555555 0.490625 0.48125 0.479296875 0.4791666666666667 0.4765625 0.4826388888888889 0.47734375 0.5104166666666666 0.46796875 0.5423611111111111 0.46796875 0.5715277777777777 0.47578125 0.6048611111111111 0.4859375 0.6090277777777777 0.49375 0.59375 0.4984375 0.5534722222222223