1 0.52265625 0.4951388888888889 0.53046875 0.44930555555555557 0.53125 0.41180555555555554 0.52734375 0.3715277777777778 0.51015625 0.3076388888888889 0.5109375 0.24791666666666667 0.515625 0.21875 0.5171875 0.17569444444444443 0.508203125 0.1527777777777778 0.488671875 0.15 0.48203125 0.15625 0.4765625 0.17847222222222223 0.48203125 0.2673611111111111 0.48125 0.30625 0.46171875 0.37569444444444444 0.45859375 0.4354166666666667 0.46328125 0.47708333333333336 0.47734375 0.5368055555555555 0.487109375 0.55 0.50234375 0.5506944444444445 0.51171875 0.5409722222222222 0.52265625 0.4951388888888889
1 0.44609375 0.3993055555555556 0.4484375 0.33541666666666664 0.428125 0.24375 0.4265625 0.20347222222222222 0.43203125 0.16180555555555556 0.43125 0.13958333333333334 0.426171875 0.125 0.411328125 0.11388888888888889 0.401953125 0.12222222222222222 0.39609375 0.14097222222222222 0.39921875 0.18680555555555556 0.40390625 0.21041666666666667 0.403125 0.24513888888888888 0.3875 0.32430555555555557 0.38671875 0.3715277777777778 0.38984375 0.3993055555555556 0.40234375 0.4534722222222222 0.412109375 0.4625 0.42578125 0.4618055555555556 0.43515625 0.4534722222222222 0.44609375 0.3993055555555556
1 0.38203125 0.33819444444444446 0.3828125 0.28541666666666665 0.36484375 0.20902777777777778 0.3671875 0.11041666666666666 0.360546875 0.09444444444444444 0.346484375 0.09027777777777778 0.3390625 0.09930555555555555 0.3359375 0.11041666666666666 0.34140625 0.17291666666666666 0.34140625 0.21458333333333332 0.33125 0.2701388888888889 0.3296875 0.32569444444444445 0.34453125 0.3909722222222222 0.353515625 0.39861111111111114 0.36640625 0.39791666666666664 0.37421875 0.38263888888888886 0.38203125 0.33819444444444446
1 0.32734375 0.3298611111111111 0.33203125 0.25069444444444444 0.325 0.20902777777777778 0.315625 0.18263888888888888 0.31640625 0.08819444444444445 0.311328125 0.075 0.299609375 0.06944444444444445 0.29140625 0.07708333333333334 0.28828125 0.09097222222222222 0.29375 0.14097222222222222 0.29453125 0.18263888888888888 0.28359375 0.2298611111111111 0.28359375 0.27708333333333335 0.2890625 0.31319444444444444 0.29765625 0.3423611111111111 0.305078125 0.3486111111111111 0.31640625 0.34791666666666665 0.323046875 0.34444444444444444 0.32734375 0.3298611111111111
1 0.5890625 0.44930555555555557 0.60078125 0.3993055555555556 0.60546875 0.34930555555555554 0.6015625 0.3076388888888889 0.58984375 0.25763888888888886 0.58984375 0.22013888888888888 0.596875 0.13958333333333334 0.589453125 0.12083333333333333 0.581640625 0.11527777777777778 0.572265625 0.11805555555555555 0.56328125 0.13680555555555557 0.5640625 0.2548611111111111 0.5484375 0.3090277777777778 0.54375 0.33958333333333335 0.54453125 0.3909722222222222 0.55546875 0.43819444444444444 0.55546875 0.45069444444444445 0.563671875 0.4625 0.57734375 0.46319444444444446 0.583984375 0.4597222222222222 0.5890625 0.44930555555555557
1 0.6484375 0.3784722222222222 0.6578125 0.32569444444444445 0.6546875 0.2548611111111111 0.646875 0.21736111111111112 0.646875 0.18541666666666667 0.653125 0.11597222222222223 0.65078125 0.10486111111111111 0.640234375 0.09305555555555556 0.630078125 0.09583333333333334 0.621875 0.11458333333333333 0.6234375 0.21180555555555555 0.6078125 0.2701388888888889 0.60390625 0.30486111111111114 0.60703125 0.34791666666666665 0.61484375 0.3923611111111111 0.623046875 0.4 0.6375 0.3993055555555556 0.6453125 0.38958333333333334 0.6484375 0.3784722222222222
1 0.6921875 0.3284722222222222 0.69921875 0.30069444444444443 0.70234375 0.2659722222222222 0.70078125 0.2298611111111111 0.690625 0.18125 0.69921875 0.09513888888888888 0.696875 0.08402777777777778 0.691015625 0.0763888888888889 0.678515625 0.07916666666666666 0.67109375 0.09930555555555555 0.67265625 0.1798611111111111 0.65546875 0.23958333333333334 0.65859375 0.33819444444444446 0.665234375 0.3486111111111111 0.68125 0.34930555555555554 0.68828125 0.3423611111111111 0.6921875 0.3284722222222222
1 0.5640625 0.23819444444444443 0.56171875 0.14375 0.57109375 0.11597222222222223 0.571875 0.09791666666666667 0.56953125 0.08541666666666667 0.561328125 0.075 0.549609375 0.07916666666666666 0.54453125 0.09097222222222222 0.54609375 0.18263888888888888 0.53125 0.2520833333333333 0.53125 0.2881944444444444 0.534375 0.3076388888888889 0.537890625 0.31666666666666665 0.54453125 0.3173611111111111 0.56171875 0.25763888888888886 0.5640625 0.23819444444444443
1 0.45546875 0.2534722222222222 0.45078125 0.22291666666666668 0.4375 0.17569444444444443 0.4421875 0.09097222222222222 0.437109375 0.07777777777777778 0.427734375 0.07222222222222222 0.41796875 0.0798611111111111 0.4140625 0.10347222222222222 0.417578125 0.11527777777777778 0.43203125 0.13402777777777777 0.42890625 0.2465277777777778 0.4484375 0.31875 0.45546875 0.28125 0.45546875 0.2534722222222222
1 0.52265625 0.28958333333333336 0.513671875 0.24583333333333332 0.5109375 0.2604166666666667 0.5109375 0.3020833333333333 0.51875 0.3326388888888889 0.52265625 0.3173611111111111 0.52265625 0.28958333333333336
1 0.48203125 0.2590277777777778 0.478515625 0.2375 0.4671875 0.28958333333333336 0.4671875 0.3173611111111111 0.47109375 0.33819444444444446 0.48125 0.30069444444444443 0.48203125 0.2590277777777778
1 0.5125 0.11458333333333333 0.505078125 0.09583333333333334 0.494140625 0.09166666666666666 0.4828125 0.10486111111111111 0.48125 0.13958333333333334 0.48359375 0.15208333333333332 0.5109375 0.14930555555555555 0.5125 0.11458333333333333