1 0.10364583333333334 0.4615740740740741 0.10520833333333333 0.43194444444444446 0.10260416666666666 0.4115740740740741 0.09479166666666666 0.38287037037037036 0.096875 0.3300925925925926 0.08515625 0.32685185185185184 0.08203125 0.3277777777777778 0.0796875 0.3347222222222222 0.0828125 0.38101851851851853 0.07447916666666667 0.42268518518518516 0.07395833333333333 0.44212962962962965 0.07864583333333333 0.475462962962963 0.08229166666666667 0.4875 0.090625 0.49027777777777776 0.09895833333333333 0.4837962962962963 0.10364583333333334 0.4615740740740741
1 0.0578125 0.4810185185185185 0.0609375 0.43472222222222223 0.0578125 0.4152777777777778 0.04895833333333333 0.3912037037037037 0.052083333333333336 0.36712962962962964 0.052083333333333336 0.3384259259259259 0.04921875 0.33240740740740743 0.04348958333333333 0.3296296296296296 0.03671875 0.3333333333333333 0.033854166666666664 0.34120370370370373 0.03854166666666667 0.3921296296296296 0.029166666666666667 0.4263888888888889 0.028645833333333332 0.45787037037037037 0.035416666666666666 0.49675925925925923 0.038802083333333334 0.5018518518518519 0.046875 0.5023148148148148 0.05416666666666667 0.49583333333333335 0.0578125 0.4810185185185185
1 0.024479166666666666 0.47175925925925927 0.027083333333333334 0.42268518518518516 0.017708333333333333 0.3837962962962963 0.019791666666666666 0.33194444444444443 0.016927083333333332 0.32685185185185184 0.00703125 0.32592592592592595 0.0026041666666666665 0.33101851851851855 0.005729166666666666 0.3625 0.004166666666666667 0.4050925925925926 0.010416666666666666 0.45046296296296295 0.009895833333333333 0.48564814814814816 0.01171875 0.49074074074074076 0.016145833333333335 0.49027777777777776 0.021354166666666667 0.4847222222222222 0.024479166666666666 0.47175925925925927
1 0.008333333333333333 0.500462962962963 0.011458333333333333 0.4671296296296296 0.008854166666666666 0.43287037037037035 0.003125 0.40324074074074073 0.0046875 0.35694444444444445 0.00026041666666666666 0.3398148148148148 0.0010416666666666667 0.5125 0.004427083333333333 0.5101851851851852 0.008333333333333333 0.500462962962963
1 0.3234375 0.4615740740740741 0.325 0.425462962962963 0.321875 0.4041666666666667 0.31614583333333335 0.38472222222222224 0.3182291666666667 0.33194444444444443 0.31588541666666664 0.3277777777777778 0.30494791666666665 0.3277777777777778 0.3020833333333333 0.33287037037037037 0.3046875 0.3837962962962963 0.29635416666666664 0.41898148148148145 0.29583333333333334 0.4449074074074074 0.3015625 0.4837962962962963 0.3065104166666667 0.4898148148148148 0.31197916666666664 0.48935185185185187 0.3182291666666667 0.4837962962962963 0.3234375 0.4615740740740741
1 0.55 0.48009259259259257 0.5552083333333333 0.43842592592592594 0.5536458333333333 0.4125 0.5463541666666667 0.38472222222222224 0.5479166666666667 0.33101851851851855 0.5455729166666666 0.32592592592592595 0.5377604166666666 0.325 0.53359375 0.32592592592592595 0.53125 0.3337962962962963 0.534375 0.3837962962962963 0.5270833333333333 0.4115740740740741 0.5255208333333333 0.44675925925925924 0.5328125 0.4847222222222222 0.53671875 0.4888888888888889 0.5416666666666666 0.48842592592592593 0.5466145833333333 0.48703703703703705 0.55 0.48009259259259257
1 0.3536458333333333 0.48935185185185187 0.35833333333333334 0.46435185185185185 0.359375 0.44583333333333336 0.3572916666666667 0.4236111111111111 0.3494791666666667 0.3976851851851852 0.35104166666666664 0.3375 0.3455729166666667 0.3287037037037037 0.34088541666666666 0.3287037037037037 0.33697916666666666 0.33287037037037037 0.33489583333333334 0.3421296296296296 0.3380208333333333 0.3902777777777778 0.32916666666666666 0.42453703703703705 0.328125 0.45416666666666666 0.33541666666666664 0.4949074074074074 0.3377604166666667 0.5 0.34479166666666666 0.500462962962963 0.35078125 0.49722222222222223 0.3536458333333333 0.48935185185185187
1 0.39375 0.475462962962963 0.3927083333333333 0.43657407407407406 0.3848958333333333 0.40324074074074073 0.38645833333333335 0.3541666666666667 0.38046875 0.33796296296296297 0.37473958333333335 0.3398148148148148 0.37083333333333335 0.3486111111111111 0.3723958333333333 0.4041666666666667 0.36354166666666665 0.44675925925925924 0.3645833333333333 0.47638888888888886 0.36875 0.4986111111111111 0.3734375 0.5106481481481482 0.3846354166666667 0.5083333333333333 0.39375 0.475462962962963
1 0.42864583333333334 0.49398148148148147 0.43072916666666666 0.4652777777777778 0.428125 0.43194444444444446 0.4197916666666667 0.4050925925925926 0.42239583333333336 0.36157407407407405 0.41692708333333334 0.3472222222222222 0.41328125 0.34629629629629627 0.40729166666666666 0.35324074074074074 0.40520833333333334 0.3625 0.4078125 0.4115740740740741 0.39947916666666666 0.4476851851851852 0.3984375 0.47638888888888886 0.40625 0.5171296296296296 0.40859375 0.5212962962962963 0.4203125 0.5208333333333334 0.4244791666666667 0.5125 0.42864583333333334 0.49398148148148147
1 0.4708333333333333 0.4828703703703704 0.47291666666666665 0.449537037037037 0.4635416666666667 0.4013888888888889 0.465625 0.3486111111111111 0.46015625 0.3388888888888889 0.4549479166666667 0.337037037037037 0.44895833333333335 0.34953703703703703 0.4510416666666667 0.40324074074074073 0.4432291666666667 0.4356481481481482 0.44166666666666665 0.4634259259259259 0.4432291666666667 0.4810185185185185 0.45 0.5078703703703704 0.46041666666666664 0.5106481481481482 0.46510416666666665 0.5060185185185185 0.4708333333333333 0.4828703703703704
1 0.5130208333333334 0.4652777777777778 0.5140625 0.43287037037037035 0.5088541666666667 0.4078703703703704 0.5046875 0.3976851851851852 0.5067708333333333 0.3421296296296296 0.50234375 0.3287037037037037 0.49713541666666666 0.3277777777777778 0.49296875 0.33055555555555555 0.4901041666666667 0.3384259259259259 0.49322916666666666 0.3976851851851852 0.490625 0.4013888888888889 0.48489583333333336 0.425462962962963 0.48385416666666664 0.45694444444444443 0.4901041666666667 0.4930555555555556 0.49453125 0.4981481481481482 0.5046875 0.4986111111111111 0.5088541666666667 0.49027777777777776 0.5130208333333334 0.4652777777777778
1 0.4786458333333333 0.4273148148148148 0.475 0.4050925925925926 0.46770833333333334 0.3800925925925926 0.4708333333333333 0.33101851851851855 0.4674479166666667 0.325 0.45703125 0.32592592592592595 0.4546875 0.3282407407407407 0.4546875 0.33564814814814814 0.46510416666666665 0.3486111111111111 0.465625 0.37916666666666665 0.4630208333333333 0.3976851851851852 0.475 0.4615740740740741 0.4786458333333333 0.44212962962962965 0.4786458333333333 0.4273148148148148
1 0.4375 0.4375 0.4270833333333333 0.3837962962962963 0.4296875 0.33935185185185185 0.42526041666666664 0.3296296296296296 0.41953125 0.3277777777777778 0.41510416666666666 0.33287037037037037 0.4125 0.3421296296296296 0.41875 0.350462962962963 0.42291666666666666 0.3662037037037037 0.42083333333333334 0.4060185185185185 0.428125 0.425462962962963 0.4296875 0.4875 0.4317708333333333 0.49027777777777776 0.43697916666666664 0.4597222222222222 0.4375 0.4375
1 0.40260416666666665 0.4273148148148148 0.3927083333333333 0.37916666666666665 0.3963541666666667 0.33564814814814814 0.39348958333333334 0.32685185185185184 0.3809895833333333 0.32685185185185184 0.37916666666666665 0.33564814814814814 0.38385416666666666 0.3439814814814815 0.38645833333333335 0.3560185185185185 0.3854166666666667 0.4041666666666667 0.3932291666666667 0.4337962962962963 0.3963541666666667 0.475462962962963 0.39791666666666664 0.4513888888888889 0.40260416666666665 0.4273148148148148
1 0.7145833333333333 0.33564814814814814 0.7127604166666667 0.3277777777777778 0.7119791666666667 0.3347222222222222 0.7078125 0.34120370370370373 0.7098958333333333 0.3763888888888889 0.7020833333333333 0.41064814814814815 0.7005208333333334 0.44675925925925924 0.7067708333333333 0.48194444444444445 0.71015625 0.487962962962963 0.7140625 0.48842592592592593 0.7151041666666667 0.38657407407407407 0.7145833333333333 0.33564814814814814
0 0.47760416666666666 0.6560185185185186 0.48333333333333334 0.6356481481481482 0.484375 0.6180555555555556 0.4796875 0.5912037037037037 0.47109375 0.5740740740740741 0.45807291666666666 0.5648148148148148 0.44921875 0.5648148148148148 0.4388020833333333 0.5694444444444444 0.42864583333333334 0.5828703703703704 0.42239583333333336 0.6050925925925926 0.42135416666666664 0.6310185185185185 0.4234375 0.6430555555555556 0.43203125 0.6638888888888889 0.44244791666666666 0.6768518518518518 0.4557291666666667 0.6782407407407407 0.46536458333333336 0.6731481481481482 0.47760416666666666 0.6560185185185186