1 0.540625 0.31875 0.5328125 0.2826388888888889 0.534375 0.24097222222222223 0.523046875 0.2375 0.5203125 0.24513888888888888 0.5234375 0.2798611111111111 0.515625 0.3215277777777778 0.515625 0.3423611111111111 0.52109375 0.37430555555555556 0.53359375 0.3784722222222222 0.53984375 0.34652777777777777 0.540625 0.31875
1 0.50703125 0.3368055555555556 0.4984375 0.29097222222222224 0.49921875 0.24375 0.490234375 0.2375 0.48515625 0.24791666666666667 0.48671875 0.2881944444444444 0.4796875 0.32569444444444445 0.47890625 0.34930555555555554 0.48671875 0.38680555555555557 0.4984375 0.38819444444444445 0.5046875 0.3645833333333333 0.50703125 0.3368055555555556
1 0.39921875 0.3284722222222222 0.39375 0.3076388888888889 0.3984375 0.24513888888888888 0.387890625 0.24166666666666667 0.38046875 0.25763888888888886 0.38359375 0.30069444444444443 0.37578125 0.3284722222222222 0.375 0.3590277777777778 0.3796875 0.38819444444444445 0.383984375 0.39444444444444443 0.39296875 0.3951388888888889 0.40234375 0.36180555555555555 0.39921875 0.3284722222222222
1 0.4703125 0.36041666666666666 0.46953125 0.32013888888888886 0.4640625 0.28680555555555554 0.46796875 0.24513888888888888 0.461328125 0.2388888888888889 0.455078125 0.24027777777777778 0.44921875 0.2534722222222222 0.45078125 0.29930555555555555 0.44140625 0.33958333333333335 0.446875 0.38819444444444445 0.451171875 0.3972222222222222 0.45625 0.39652777777777776 0.4625 0.3923611111111111 0.4703125 0.36041666666666666
1 0.43203125 0.3854166666666667 0.43384845859375 0.37282085694444445 0.43351577187499996 0.3636572125 0.43285039765625 0.3476947486111111 0.43102061249999996 0.33409707777777775 0.42702835546875006 0.32404663194444444 0.425032221875 0.31429178611111114 0.42453319609375006 0.300102925 0.42569760703125 0.28443605 0.425032221875 0.2708383902777778 0.4230360984375 0.26167474583333333 0.41754674375 0.25635392777777777 0.41171875 0.2604166666666667 0.41089297890625 0.2779328208333333 0.41328125 0.3020833333333333 0.41122566562499996 0.3225686291666667 0.4057363109375 0.3462167361111111 0.4046875 0.36875 0.409375 0.39791666666666664 0.412109375 0.4041666666666667 0.42109375 0.4048611111111111 0.42885814062499994 0.4014941916666667 0.43203125 0.3854166666666667
1 0.4390625 0.33125 0.43046875 0.28958333333333336 0.4328125 0.25625 0.43203125 0.24513888888888888 0.428515625 0.2388888888888889 0.421484375 0.2388888888888889 0.41796875 0.24513888888888888 0.4171875 0.2534722222222222 0.42421875 0.26875 0.425 0.2743055555555556 0.4234375 0.30486111111111114 0.4328125 0.34652777777777777 0.42890625 0.36736111111111114 0.428125 0.3840277777777778 0.43203125 0.3854166666666667 0.43828125 0.35625 0.4390625 0.33125
1 0.40625 0.31180555555555556 0.3984375 0.28125 0.3984375 0.27152777777777776 0.40078125 0.26458333333333334 0.40078125 0.24097222222222223 0.398828125 0.2388888888888889 0.389453125 0.2388888888888889 0.38671875 0.2423611111111111 0.38671875 0.24513888888888888 0.394921875 0.2513888888888889 0.39609375 0.2548611111111111 0.39609375 0.27152777777777776 0.39296875 0.28680555555555554 0.39296875 0.30069444444444443 0.4 0.3284722222222222 0.4015625 0.35208333333333336 0.4046875 0.3576388888888889 0.4078125 0.32430555555555557 0.40625 0.31180555555555556
1 0.3703125 0.35625 0.37109375 0.3326388888888889 0.36328125 0.29375 0.365625 0.24930555555555556 0.362109375 0.24027777777777778 0.355078125 0.2388888888888889 0.35078125 0.24375 0.35 0.24930555555555556 0.35234375 0.2923611111111111 0.34375 0.3284722222222222 0.34375 0.35208333333333336 0.34921875 0.38125 0.352734375 0.3875 0.36171875 0.38819444444444445 0.365625 0.3798611111111111 0.3703125 0.35625
1 0.3390625 0.3576388888888889 0.34140625 0.33819444444444446 0.34140625 0.3215277777777778 0.33359375 0.28541666666666665 0.33515625 0.24375 0.333203125 0.24027777777777778 0.324609375 0.24027777777777778 0.32109375 0.24375 0.3234375 0.28402777777777777 0.315625 0.3145833333333333 0.31484375 0.33958333333333335 0.31875 0.36875 0.32109375 0.37569444444444444 0.325390625 0.38055555555555554 0.33203125 0.38125 0.3359375 0.3729166666666667 0.3390625 0.3576388888888889
1 0.14921875 0.3145833333333333 0.1421875 0.28125 0.14296875 0.23819444444444443 0.130078125 0.2361111111111111 0.12734375 0.2520833333333333 0.13046875 0.2798611111111111 0.121875 0.3159722222222222 0.121875 0.3423611111111111 0.130078125 0.3763888888888889 0.1421875 0.37569444444444444 0.14921875 0.33541666666666664 0.14921875 0.3145833333333333
1 0.1109375 0.32708333333333334 0.103125 0.28958333333333336 0.10390625 0.23958333333333334 0.094921875 0.23472222222222222 0.090234375 0.2361111111111111 0.08671875 0.24513888888888888 0.08984375 0.29375 0.08359375 0.3159722222222222 0.08203125 0.34791666666666665 0.089453125 0.3819444444444444 0.103125 0.38263888888888886 0.11015625 0.35347222222222224 0.1109375 0.32708333333333334
1 0.06875 0.3715277777777778 0.06953125 0.33958333333333335 0.06171875 0.2965277777777778 0.0640625 0.24930555555555556 0.060546875 0.24166666666666667 0.052734375 0.24166666666666667 0.0484375 0.24513888888888888 0.04609375 0.2590277777777778 0.04921875 0.30069444444444443 0.04375 0.33125 0.04296875 0.3659722222222222 0.048046875 0.39166666666666666 0.05859375 0.3923611111111111 0.06484375 0.38819444444444445 0.06875 0.3715277777777778
1 0.02937887265625 0.3560244819444444 0.02078512265625 0.3088022597222222 0.02234762265625 0.2657467041666667 0.01883199765625 0.2567189263888889 0.00867574765625 0.2567189263888889 0.0043788726562499995 0.2643578152777778 0.006722622656250001 0.3143578152777778 0.0043788726562499995 0.3213022597222222 0.00115612578125 0.36263850694444444 0.00304659453125 0.3903540930555556 0.00556723046875 0.4121905972222222 0.012656515625 0.41443025138888895 0.02210888125 0.41443025138888895 0.027035503125 0.41035631944444445 0.02859762265625 0.38102448194444444 0.02937887265625 0.3560244819444444
1 0.68515625 0.36041666666666666 0.68828125 0.32708333333333334 0.6796875 0.2826388888888889 0.6828125 0.23819444444444443 0.669921875 0.23472222222222222 0.6671875 0.24375 0.66953125 0.28402777777777777 0.66171875 0.3159722222222222 0.6609375 0.33819444444444446 0.6671875 0.37569444444444444 0.67734375 0.3798611111111111 0.68203125 0.37430555555555556 0.68515625 0.36041666666666666
1 0.712109375 0.2388888888888889 0.70859375 0.24513888888888888 0.71015625 0.2923611111111111 0.70234375 0.32430555555555557 0.7015625 0.35208333333333336 0.70625 0.38263888888888886 0.71328125 0.38819444444444445 0.71484375 0.24097222222222223 0.712109375 0.2388888888888889
0 0.490625 0.5534722222222223 0.49609375 0.5201388888888889 0.49296875 0.49930555555555556 0.486328125 0.48333333333333334 0.466015625 0.4722222222222222 0.452734375 0.4791666666666667 0.4421875 0.4965277777777778 0.4375 0.5270833333333333 0.44375 0.5534722222222223 0.453515625 0.5708333333333333 0.460546875 0.5763888888888888 0.471875 0.5756944444444444 0.480078125 0.5708333333333333 0.490625 0.5534722222222223