1 0.5171875 0.5340277777777778 0.53046875 0.45625 0.53203125 0.4076388888888889 0.52734375 0.36875 0.515625 0.32708333333333334 0.5140625 0.3090277777777778 0.5109375 0.30625 0.5109375 0.26319444444444445 0.5171875 0.20347222222222222 0.5171875 0.17569444444444443 0.508203125 0.1527777777777778 0.494140625 0.1486111111111111 0.483984375 0.1527777777777778 0.47734375 0.17152777777777778 0.4765625 0.19930555555555557 0.48203125 0.2520833333333333 0.48046875 0.30486111111111114 0.4765625 0.33125 0.4625 0.3798611111111111 0.46015625 0.4215277777777778 0.46171875 0.4576388888888889 0.47109375 0.5256944444444445 0.483984375 0.5486111111111112 0.5046875 0.5493055555555556 0.511328125 0.5472222222222223 0.5171875 0.5340277777777778
1 0.44609375 0.39375 0.4484375 0.34791666666666665 0.4453125 0.31875 0.42734375 0.2465277777777778 0.43046875 0.1326388888888889 0.420703125 0.11666666666666667 0.410546875 0.11388888888888889 0.40078125 0.12430555555555556 0.396875 0.13958333333333334 0.40234375 0.2520833333333333 0.38671875 0.32013888888888886 0.38515625 0.3715277777777778 0.40078125 0.4548611111111111 0.407421875 0.4638888888888889 0.42421875 0.46458333333333335 0.43671875 0.45069444444444445 0.44609375 0.39375
1 0.37578125 0.37430555555555556 0.3828125 0.32569444444444445 0.3828125 0.28680555555555554 0.3640625 0.20902777777777778 0.36640625 0.11180555555555556 0.358203125 0.09305555555555556 0.346484375 0.08888888888888889 0.341015625 0.09305555555555556 0.33515625 0.10902777777777778 0.34140625 0.20902777777777778 0.33125 0.2590277777777778 0.32890625 0.3229166666666667 0.3421875 0.3923611111111111 0.348828125 0.39861111111111114 0.36171875 0.3993055555555556 0.369921875 0.3958333333333333 0.37578125 0.37430555555555556
1 0.33125 0.24375 0.3140625 0.17430555555555555 0.315625 0.09097222222222222 0.307421875 0.07222222222222222 0.298828125 0.06944444444444445 0.291796875 0.07361111111111111 0.2875 0.08402777777777778 0.29375 0.17847222222222223 0.284375 0.22847222222222222 0.2828125 0.27291666666666664 0.29765625 0.33958333333333335 0.303515625 0.3472222222222222 0.3171875 0.34652777777777777 0.3234375 0.33819444444444446 0.33125 0.24375
1 0.596875 0.42291666666666666 0.6046875 0.3770833333333333 0.60546875 0.35208333333333336 0.60234375 0.31319444444444444 0.5890625 0.2548611111111111 0.59375 0.13680555555555557 0.588671875 0.12361111111111112 0.574609375 0.11666666666666667 0.566015625 0.125 0.56015625 0.1423611111111111 0.5640625 0.2423611111111111 0.54453125 0.32708333333333334 0.54296875 0.3715277777777778 0.55625 0.45625 0.566796875 0.4666666666666667 0.58046875 0.46597222222222223 0.58828125 0.45625 0.596875 0.42291666666666666
1 0.65859375 0.33125 0.6578125 0.27847222222222223 0.6453125 0.21041666666666667 0.653125 0.11458333333333333 0.643359375 0.09444444444444444 0.630859375 0.09583333333333334 0.62265625 0.11180555555555556 0.62421875 0.20902777777777778 0.60859375 0.2659722222222222 0.60546875 0.28958333333333336 0.60625 0.33958333333333335 0.6140625 0.38819444444444445 0.620703125 0.4 0.63359375 0.40208333333333335 0.64453125 0.39375 0.65859375 0.33125
1 0.69921875 0.3020833333333333 0.7015625 0.27847222222222223 0.70078125 0.23125 0.690625 0.18263888888888888 0.690625 0.15347222222222223 0.696875 0.09652777777777778 0.6953125 0.08541666666666667 0.686328125 0.075 0.676171875 0.07916666666666666 0.66953125 0.09513888888888888 0.6703125 0.18263888888888888 0.6546875 0.24513888888888888 0.66015625 0.33819444444444446 0.666796875 0.35 0.68203125 0.3506944444444444 0.690625 0.3368055555555556 0.69921875 0.3020833333333333
1 0.56171875 0.19652777777777777 0.55859375 0.18958333333333333 0.559375 0.14652777777777778 0.5703125 0.11458333333333333 0.57109375 0.09652777777777778 0.56875 0.08541666666666667 0.560546875 0.075 0.548828125 0.07916666666666666 0.54375 0.09236111111111112 0.5453125 0.18263888888888888 0.53046875 0.24930555555555556 0.53046875 0.28958333333333336 0.5421875 0.3368055555555556 0.56328125 0.23680555555555555 0.56171875 0.19652777777777777
1 0.45625 0.2590277777777778 0.45390625 0.23541666666666666 0.43984375 0.17708333333333334 0.44375 0.09236111111111112 0.437109375 0.0763888888888889 0.425390625 0.07361111111111111 0.41953125 0.0798611111111111 0.415625 0.09791666666666667 0.41796875 0.11458333333333333 0.423828125 0.11944444444444445 0.43203125 0.13819444444444445 0.43203125 0.18125 0.428125 0.19930555555555557 0.42734375 0.23819444444444443 0.43125 0.26458333333333334 0.44765625 0.32569444444444445 0.45546875 0.2881944444444444 0.45625 0.2590277777777778
1 0.521875 0.2826388888888889 0.5140625 0.2465277777777778 0.509765625 0.24444444444444444 0.5109375 0.2951388888888889 0.51875 0.33402777777777776 0.521875 0.32708333333333334 0.521875 0.2826388888888889
1 0.48359375 0.24930555555555556 0.479296875 0.23194444444444445 0.47109375 0.2604166666666667 0.46640625 0.2923611111111111 0.4671875 0.32708333333333334 0.471875 0.3423611111111111 0.48203125 0.30069444444444443 0.48359375 0.24930555555555556
1 0.505078125 0.15138888888888888 0.509375 0.14791666666666667 0.51015625 0.11041666666666666 0.503515625 0.09583333333333334 0.490234375 0.09305555555555556 0.48046875 0.1076388888888889 0.4796875 0.1423611111111111 0.48359375 0.15486111111111112 0.493359375 0.14722222222222223 0.505078125 0.15138888888888888