1 0.3515625 0.95625 0.35859375 0.9159722222222222 0.35859375 0.8854166666666666 0.35234375 0.85625 0.33515625 0.8298611111111112 0.33203125 0.8173611111111111 0.3296875 0.7451388888888889 0.322265625 0.7333333333333333 0.314453125 0.7319444444444444 0.305859375 0.7041666666666667 0.30546875 0.7354166666666667 0.29609375 0.7590277777777777 0.29765625 0.7826388888888889 0.30703125 0.8145833333333333 0.309375 0.8395833333333333 0.30078125 0.8798611111111111 0.3 0.9131944444444444 0.311328125 0.9555555555555556 0.326953125 0.9791666666666666 0.33828125 0.9798611111111111 0.344921875 0.9736111111111111 0.3515625 0.95625
1 0.4234375 0.7534722222222222 0.4234375 0.7256944444444444 0.4171875 0.6965277777777777 0.40859375 0.6798611111111111 0.40703125 0.60625 0.403515625 0.5986111111111111 0.392578125 0.5958333333333333 0.387890625 0.5986111111111111 0.3828125 0.6131944444444445 0.3890625 0.6840277777777778 0.3828125 0.7034722222222223 0.3796875 0.7506944444444444 0.39453125 0.8020833333333334 0.4046875 0.8076388888888889 0.41640625 0.7923611111111111 0.4234375 0.7534722222222222
1 0.4890625 0.8965277777777778 0.49140625 0.8715277777777778 0.48828125 0.8298611111111112 0.47578125 0.7923611111111111 0.4796875 0.71875 0.470703125 0.7027777777777777 0.455859375 0.7069444444444445 0.45078125 0.7173611111111111 0.45 0.7423611111111111 0.45546875 0.7951388888888888 0.4421875 0.8479166666666667 0.4453125 0.8993055555555556 0.45859375 0.9381944444444444 0.46875 0.9451388888888889 0.48125 0.9284722222222223 0.4890625 0.8965277777777778
1 0.52578125 0.7493055555555556 0.52890625 0.7131944444444445 0.525 0.6729166666666667 0.51875 0.6576388888888889 0.521875 0.5965277777777778 0.518359375 0.5847222222222223 0.509765625 0.5819444444444445 0.505078125 0.5833333333333334 0.5 0.5979166666666667 0.5015625 0.6631944444444444 0.49296875 0.6868055555555556 0.48984375 0.7381944444444445 0.5 0.7784722222222222 0.503515625 0.7833333333333333 0.5125 0.7826388888888889 0.51796875 0.7756944444444445 0.52578125 0.7493055555555556
1 0.4625 0.6145833333333334 0.46171875 0.5979166666666667 0.45625 0.5868055555555556 0.4546875 0.5715277777777777 0.45703125 0.5201388888888889 0.45 0.50625 0.446484375 0.48055555555555557 0.44375 0.5090277777777777 0.43828125 0.5215277777777778 0.43984375 0.5715277777777777 0.43359375 0.6104166666666667 0.4328125 0.64375 0.440625 0.6840277777777778 0.444140625 0.6902777777777778 0.45234375 0.6909722222222222 0.4609375 0.68125 0.4625 0.6145833333333334
1 0.496875 0.5673611111111111 0.49609375 0.5395833333333333 0.48828125 0.5118055555555555 0.4890625 0.4798611111111111 0.486328125 0.47638888888888886 0.475 0.4798611111111111 0.47578125 0.5090277777777777 0.4671875 0.5423611111111111 0.4671875 0.5701388888888889 0.47421875 0.6020833333333333 0.48515625 0.6076388888888888 0.4890625 0.6048611111111111 0.496875 0.5673611111111111
1 0.5515625 0.6298611111111111 0.5515625 0.6006944444444444 0.54609375 0.5659722222222222 0.55 0.5104166666666666 0.54453125 0.49930555555555556 0.54453125 0.4756944444444444 0.541796875 0.4722222222222222 0.5390625 0.4979166666666667 0.53203125 0.5215277777777778 0.53203125 0.5729166666666666 0.52265625 0.5923611111111111 0.52109375 0.6243055555555556 0.52578125 0.66875 0.531640625 0.675 0.53984375 0.6743055555555556 0.54765625 0.65625 0.5515625 0.6298611111111111
1 0.60390625 0.6506944444444445 0.601171875 0.6472222222222223 0.590625 0.6770833333333334 0.59296875 0.6881944444444444 0.60234375 0.6715277777777777 0.60390625 0.6506944444444445
1 0.628125 0.7048611111111112 0.6234375 0.6298611111111111 0.63046875 0.59375 0.63046875 0.5784722222222223 0.621484375 0.5597222222222222 0.612890625 0.5638888888888889 0.60703125 0.5770833333333333 0.60703125 0.6229166666666667 0.61015625 0.6354166666666666 0.60859375 0.6798611111111111 0.615625 0.6923611111111111 0.6171875 0.7034722222222223 0.61015625 0.7534722222222222 0.6125 0.75625 0.62265625 0.7368055555555556 0.628125 0.7048611111111112
1 0.61640625 0.8506944444444444 0.615625 0.8159722222222222 0.60859375 0.7826388888888889 0.60859375 0.7604166666666666 0.61640625 0.71875 0.6171875 0.6979166666666666 0.609375 0.68125 0.6109375 0.6409722222222223 0.608203125 0.6222222222222222 0.60078125 0.6770833333333334 0.58984375 0.6909722222222222 0.5859375 0.7715277777777778 0.57421875 0.79375 0.56796875 0.8284722222222223 0.56875 0.8590277777777777 0.57734375 0.9020833333333333 0.583203125 0.9111111111111111 0.59296875 0.9118055555555555 0.61171875 0.8770833333333333 0.61640625 0.8506944444444444
1 0.73203125 0.8201388888888889 0.73203125 0.7895833333333333 0.7265625 0.7604166666666666 0.7296875 0.7354166666666667 0.74140625 0.7006944444444444 0.74296875 0.6798611111111111 0.737109375 0.6652777777777777 0.726953125 0.6597222222222222 0.717578125 0.6625 0.7125 0.6729166666666667 0.70546875 0.74375 0.68671875 0.7701388888888889 0.68046875 0.7951388888888888 0.6796875 0.8298611111111112 0.684375 0.8604166666666667 0.689453125 0.8763888888888889 0.70234375 0.8826388888888889 0.72265625 0.8548611111111111 0.73203125 0.8201388888888889