1 0.3953125 0.33125 0.38984375 0.3090277777777778 0.39140625 0.27847222222222223 0.385546875 0.2763888888888889 0.38203125 0.2798611111111111 0.38359375 0.3076388888888889 0.378125 0.3451388888888889 0.3828125 0.36736111111111114 0.390625 0.36875 0.39453125 0.3548611111111111 0.3953125 0.33125
1 0.41328125 0.35625 0.4140625 0.34097222222222223 0.4125 0.3298611111111111 0.40703125 0.3104166666666667 0.409375 0.2923611111111111 0.409375 0.28402777777777777 0.406640625 0.2777777777777778 0.404296875 0.2763888888888889 0.401953125 0.2777777777777778 0.39921875 0.28402777777777777 0.4015625 0.31319444444444444 0.4 0.3159722222222222 0.39609375 0.33402777777777776 0.39609375 0.3548611111111111 0.40078125 0.3729166666666667 0.402734375 0.375 0.40625 0.37430555555555556 0.409375 0.3701388888888889 0.41328125 0.35625
1 0.42890625 0.3729166666666667 0.4328125 0.36041666666666666 0.4328125 0.34375 0.43046875 0.3368055555555556 0.42734375 0.3145833333333333 0.4296875 0.29097222222222224 0.426953125 0.28194444444444444 0.422265625 0.28194444444444444 0.41875 0.2881944444444444 0.41875 0.3034722222222222 0.4203125 0.3145833333333333 0.41953125 0.3215277777777778 0.41484375 0.33541666666666664 0.4140625 0.36041666666666666 0.419921875 0.3819444444444444 0.4265625 0.38125 0.428125 0.3798611111111111 0.42890625 0.3729166666666667
1 0.44695133359375 0.37392630138888894 0.44845851718749996 0.36790001805555556 0.44996571406249997 0.3591953958333333 0.449212109375 0.3451340763888889 0.44827012578125 0.33542506666666666 0.446875 0.3215277777777778 0.44765625 0.29791666666666666 0.444140625 0.2861111111111111 0.439453125 0.28888888888888886 0.43828125 0.2923611111111111 0.43828125 0.30625 0.43984375 0.3215277777777778 0.43359375 0.34652777777777777 0.43359375 0.36319444444444443 0.4359375 0.3770833333333333 0.438671875 0.38333333333333336 0.44296875 0.38263888888888886 0.444921875 0.3763888888888889 0.44695133359375 0.37392630138888894
1 0.47109375 0.3715277777777778 0.4729503484375 0.36421729166666666 0.47408072421874997 0.35718663194444444 0.474645925 0.35182994444444443 0.47521112499999996 0.34814721805555554 0.4734375 0.34097222222222223 0.471875 0.3215277777777778 0.4703125 0.3159722222222222 0.4703125 0.3104166666666667 0.4734375 0.2951388888888889 0.471484375 0.2791666666666667 0.467578125 0.2791666666666667 0.4625 0.28680555555555554 0.46171875 0.29375 0.4640625 0.3159722222222222 0.4578125 0.3423611111111111 0.4578125 0.3590277777777778 0.46015625 0.3715277777777778 0.463671875 0.38055555555555554 0.4671875 0.38125 0.46953125 0.3798611111111111 0.47109375 0.3715277777777778
1 0.50078125 0.33819444444444446 0.4984375 0.3229166666666667 0.49453125 0.3145833333333333 0.496875 0.2881944444444444 0.49609375 0.2798611111111111 0.494140625 0.2763888888888889 0.489453125 0.2763888888888889 0.48671875 0.28402777777777777 0.48828125 0.3145833333333333 0.484375 0.3284722222222222 0.4828125 0.34930555555555554 0.4859375 0.36180555555555555 0.48671875 0.3701388888888889 0.489453125 0.375 0.4953125 0.37430555555555556 0.5 0.3576388888888889 0.50078125 0.33819444444444446
1 0.521875 0.3590277777777778 0.52421875 0.33402777777777776 0.52265625 0.3215277777777778 0.51796875 0.30625 0.51953125 0.27847222222222223 0.516796875 0.2763888888888889 0.512109375 0.2763888888888889 0.5109375 0.27847222222222223 0.5109375 0.28958333333333336 0.5125 0.2965277777777778 0.5125 0.3034722222222222 0.50703125 0.32708333333333334 0.50703125 0.34791666666666665 0.511328125 0.36666666666666664 0.51875 0.36736111111111114 0.5203125 0.3659722222222222 0.521875 0.3590277777777778
1 0.45674805546875 0.34446449166666665 0.45625 0.3284722222222222 0.45234375 0.3145833333333333 0.45390625 0.2826388888888889 0.452734375 0.2791666666666667 0.447265625 0.2763888888888889 0.44453125 0.2798611111111111 0.44375 0.28541666666666665 0.446875 0.2965277777777778 0.446875 0.32430555555555557 0.45053090156250003 0.3494863875 0.45034251015625 0.36354770694444444 0.44751652109375 0.3749306777777778 0.44996571406249997 0.37693944305555555 0.45392207890625 0.37626984722222223 0.45674805546875 0.34446449166666665
1 0.4375 0.3284722222222222 0.43671875 0.32569444444444445 0.43602421015625004 0.32035936944444443 0.4328125 0.3104166666666667 0.4328125 0.29791666666666666 0.43359375 0.2965277777777778 0.434375 0.2798611111111111 0.431640625 0.2763888888888889 0.427734375 0.2763888888888889 0.425 0.2798611111111111 0.42734375 0.28402777777777777 0.42890625 0.2923611111111111 0.42890625 0.29930555555555555 0.42734375 0.3076388888888889 0.42734375 0.32013888888888886 0.4296875 0.32708333333333334 0.4296875 0.33541666666666664 0.43125 0.34375 0.4328125 0.34375 0.4359375 0.3368055555555556 0.4375 0.3284722222222222
1 0.48125 0.3368055555555556 0.48046875 0.33541666666666664 0.47935589453125005 0.3267204444444444 0.47578125 0.3090277777777778 0.47734375 0.2798611111111111 0.475390625 0.2763888888888889 0.470703125 0.2763888888888889 0.4671875 0.2798611111111111 0.471875 0.28680555555555554 0.471875 0.2923611111111111 0.47265625 0.29375 0.46953125 0.3159722222222222 0.47109375 0.3215277777777778 0.47265625 0.34097222222222223 0.47578125 0.34930555555555554 0.4765625 0.35625 0.477734375 0.35833333333333334 0.47890625 0.3576388888888889 0.480297878125 0.3437949069444444 0.48125 0.3368055555555556
1 0.64829886015625 0.3546024888888889 0.649936934375 0.32840407638888885 0.6453125 0.3076388888888889 0.64611475625 0.28797442500000003 0.6448406960937499 0.27665411805555556 0.63883442578125 0.27665411805555556 0.63671875 0.27847222222222223 0.6368323359375 0.3051166013888889 0.6361043054687501 0.30899784722222223 0.63515625 0.31319444444444444 0.6328125 0.32708333333333334 0.6328125 0.34652777777777777 0.63671875 0.3659722222222222 0.638671875 0.3680555555555556 0.64453125 0.36736111111111114 0.64765625 0.36319444444444443 0.64829886015625 0.3546024888888889
1 0.66953125 0.36875 0.67265625 0.3576388888888889 0.6734375 0.33541666666666664 0.6703125 0.3173611111111111 0.66796875 0.3104166666666667 0.66953125 0.28125 0.666796875 0.275 0.661328125 0.27361111111111114 0.658984375 0.275 0.65703125 0.2798611111111111 0.65859375 0.3090277777777778 0.653125 0.3326388888888889 0.653125 0.3506944444444444 0.65625 0.36736111111111114 0.658984375 0.37222222222222223 0.66484375 0.3729166666666667 0.667578125 0.37222222222222223 0.66953125 0.36875
1 0.69489294921875 0.36074779999999995 0.694528946875 0.3426353152777778 0.6943469203125 0.3287275125 0.69252685625 0.3206415847222222 0.6899787374999999 0.3086744111111111 0.69052476640625 0.2915322347222222 0.68925070703125 0.27665411805555556 0.68488249921875 0.27439005972222225 0.68015028828125 0.27633068194444443 0.6774201671875 0.2850634888888889 0.68046875 0.3145833333333333 0.678125 0.32013888888888886 0.67578125 0.3326388888888889 0.67421875 0.34930555555555554 0.67890625 0.3715277777777778 0.683203125 0.37777777777777777 0.6890625 0.3770833333333333 0.6921875 0.37430555555555556 0.69489294921875 0.36074779999999995
1 0.713103846875 0.2817887972222222 0.70682925234375 0.2752618125 0.70177896484375 0.27825334583333333 0.70055465703125 0.28831578194444446 0.700707690625 0.3138797916666667 0.69856515078125 0.3288374597222222 0.695810446875 0.3448829555555556 0.6967286781250001 0.35902475277777773 0.701171875 0.37222222222222223 0.71171875 0.3729166666666667 0.71325688046875 0.35820888194444445 0.713103846875 0.2817887972222222
1 0.246875 0.3701388888888889 0.246875 0.34097222222222223 0.24296875 0.3145833333333333 0.24375 0.28680555555555554 0.241796875 0.2833333333333333 0.237109375 0.2833333333333333 0.23515625 0.28541666666666665 0.23359375 0.2923611111111111 0.23515625 0.31875 0.23125 0.33819444444444446 0.23125 0.36736111111111114 0.23203125 0.37430555555555556 0.234765625 0.38055555555555554 0.240625 0.38125 0.243359375 0.38055555555555554 0.246875 0.3701388888888889
1 0.2734375 0.3548611111111111 0.2734375 0.3326388888888889 0.26875 0.3104166666666667 0.26875 0.28958333333333336 0.26953125 0.2881944444444444 0.26875 0.28125 0.267578125 0.2791666666666667 0.262890625 0.2791666666666667 0.259375 0.28541666666666665 0.2609375 0.3159722222222222 0.25859375 0.32569444444444445 0.25703125 0.34097222222222223 0.25703125 0.35625 0.259765625 0.37222222222222223 0.262890625 0.375 0.26953125 0.37430555555555556 0.27109375 0.3729166666666667 0.2734375 0.3548611111111111
1 0.29765625 0.34930555555555554 0.29765625 0.32708333333333334 0.29375 0.3034722222222222 0.29453125 0.2798611111111111 0.293359375 0.2777777777777778 0.287109375 0.2777777777777778 0.2859375 0.2798611111111111 0.2859375 0.2951388888888889 0.2875 0.3076388888888889 0.2828125 0.33125 0.2828125 0.34652777777777777 0.28515625 0.3645833333333333 0.288671875 0.36944444444444446 0.29296875 0.36875 0.29609375 0.3645833333333333 0.29765625 0.34930555555555554
1 0.20390625 0.3645833333333333 0.20390625 0.3368055555555556 0.20078125 0.3215277777777778 0.2015625 0.29375 0.20078125 0.28680555555555554 0.198828125 0.2833333333333333 0.192578125 0.2833333333333333 0.190625 0.28541666666666665 0.1890625 0.2923611111111111 0.18984375 0.3229166666666667 0.1875 0.34652777777777777 0.18828125 0.3715277777777778 0.1890625 0.3784722222222222 0.191015625 0.3819444444444444 0.19921875 0.38125 0.2015625 0.3784722222222222 0.20390625 0.3645833333333333
1 0.18671875 0.3659722222222222 0.1875 0.3368055555555556 0.18359375 0.3145833333333333 0.184375 0.28680555555555554 0.182421875 0.28055555555555556 0.176953125 0.2791666666666667 0.17544765703125 0.2828963638888889 0.1745310046875 0.2906338333333333 0.17421875 0.3145833333333333 0.17109375 0.33541666666666664 0.17109375 0.3576388888888889 0.17265625 0.3715277777777778 0.176171875 0.3763888888888889 0.18125 0.37569444444444444 0.183984375 0.375 0.18671875 0.3659722222222222
0 0.384375 0.6423611111111112 0.38359375 0.61875 0.369921875 0.5930555555555556 0.354296875 0.5916666666666667 0.33984375 0.6145833333333334 0.33828125 0.6409722222222223 0.350390625 0.6708333333333333 0.36640625 0.6729166666666667 0.374609375 0.6652777777777777 0.384375 0.6423611111111112