1 0.775 0.3090277777777778 0.76640625 0.27291666666666664 0.76875 0.22430555555555556 0.755078125 0.2222222222222222 0.75234375 0.2326388888888889 0.75546875 0.2659722222222222 0.74609375 0.3090277777777778 0.7453125 0.3368055555555556 0.75234375 0.37430555555555556 0.76640625 0.3770833333333333 0.775 0.3368055555555556 0.775 0.3090277777777778
1 0.73359375 0.3229166666666667 0.725 0.28125 0.7265625 0.22708333333333333 0.713671875 0.2222222222222222 0.71015625 0.22569444444444445 0.7125 0.2798611111111111 0.703125 0.3173611111111111 0.70234375 0.3423611111111111 0.709375 0.38125 0.713671875 0.3875 0.7234375 0.38680555555555557 0.7328125 0.35208333333333336 0.73359375 0.3229166666666667
1 0.5453125 0.32013888888888886 0.5359375 0.2743055555555556 0.5375 0.2298611111111111 0.523046875 0.2263888888888889 0.5234375 0.27291666666666664 0.515625 0.31180555555555556 0.51484375 0.3326388888888889 0.52265625 0.3770833333333333 0.53515625 0.3798611111111111 0.54375 0.34791666666666665 0.5453125 0.32013888888888886
1 0.68671875 0.3770833333333333 0.6890625 0.3368055555555556 0.68046875 0.28680555555555554 0.68203125 0.23125 0.679296875 0.225 0.673046875 0.22361111111111112 0.66640625 0.23402777777777778 0.66875 0.2881944444444444 0.66015625 0.3229166666666667 0.65859375 0.34375 0.6671875 0.3951388888888889 0.6796875 0.39652777777777776 0.68359375 0.3923611111111111 0.68671875 0.3770833333333333
1 0.57734375 0.3548611111111111 0.57890625 0.32708333333333334 0.56796875 0.2798611111111111 0.57109375 0.23125 0.569140625 0.2263888888888889 0.555859375 0.2263888888888889 0.55390625 0.24513888888888888 0.55625 0.28125 0.54765625 0.31875 0.546875 0.34375 0.55546875 0.38680555555555557 0.5671875 0.38819444444444445 0.57109375 0.3840277777777778 0.57734375 0.3548611111111111
1 0.6109375 0.36319444444444443 0.6125 0.33819444444444446 0.6015625 0.2826388888888889 0.60390625 0.23541666666666666 0.595703125 0.225 0.5875 0.23541666666666666 0.590625 0.2798611111111111 0.58125 0.32569444444444445 0.58046875 0.3506944444444444 0.58828125 0.3951388888888889 0.5984375 0.39791666666666664 0.60390625 0.39375 0.6109375 0.36319444444444443
1 0.6421875 0.3909722222222222 0.64609375 0.34375 0.63515625 0.29375 0.63828125 0.24930555555555556 0.633984375 0.23472222222222222 0.626953125 0.23194444444444445 0.62109375 0.24375 0.6234375 0.29791666666666666 0.6140625 0.35347222222222224 0.6203125 0.39791666666666664 0.624609375 0.40555555555555556 0.6328125 0.40625 0.638671875 0.4027777777777778 0.6421875 0.3909722222222222
1 0.6140625 0.33541666666666664 0.6203125 0.3076388888888889 0.6140625 0.27291666666666664 0.61484375 0.22847222222222222 0.605078125 0.225 0.6015625 0.22847222222222222 0.60390625 0.23958333333333334 0.6015625 0.28680555555555554 0.609375 0.32430555555555557 0.60859375 0.3423611111111111 0.60546875 0.34930555555555554 0.60703125 0.3770833333333333 0.61015625 0.3784722222222222 0.61484375 0.3701388888888889 0.6140625 0.33541666666666664
1 0.65390625 0.3215277777777778 0.6453125 0.28125 0.64765625 0.23125 0.645703125 0.225 0.636328125 0.22361111111111112 0.63046875 0.23125 0.6390625 0.2548611111111111 0.63515625 0.29375 0.64609375 0.3423611111111111 0.64765625 0.37569444444444444 0.6546875 0.34375 0.65390625 0.3215277777777778
1 0.6984375 0.3145833333333333 0.68828125 0.2701388888888889 0.690625 0.22569444444444445 0.680078125 0.22361111111111112 0.6828125 0.24375 0.68046875 0.28541666666666665 0.68828125 0.32430555555555557 0.68828125 0.3715277777777778 0.690625 0.37430555555555556 0.69765625 0.3423611111111111 0.6984375 0.3145833333333333
0 0.66015625 0.5298611111111111 0.66953125 0.5048611111111111 0.66953125 0.48125 0.6625 0.4576388888888889 0.651171875 0.44166666666666665 0.631640625 0.4361111111111111 0.61171875 0.4576388888888889 0.60625 0.4798611111111111 0.60546875 0.5034722222222222 0.61015625 0.5243055555555556 0.618359375 0.5416666666666666 0.630078125 0.55 0.64140625 0.5506944444444445 0.654296875 0.5430555555555555 0.66015625 0.5298611111111111