1 0.28203125 0.6118055555555556 0.2890625 0.4673611111111111 0.26796875 0.3715277777777778 0.26875 0.29375 0.27421875 0.23125 0.27265625 0.20902777777777778 0.265234375 0.20416666666666666 0.231640625 0.20277777777777778 0.22734375 0.21597222222222223 0.22734375 0.24097222222222223 0.2328125 0.29930555555555555 0.2328125 0.36319444444444443 0.20859375 0.47152777777777777 0.20546875 0.54375 0.21171875 0.5993055555555555 0.22421875 0.6645833333333333 0.232421875 0.675 0.26015625 0.6756944444444445 0.27109375 0.6631944444444444 0.28203125 0.6118055555555556
1 0.3671875 0.61875 0.371875 0.5159722222222223 0.365625 0.47430555555555554 0.3484375 0.40069444444444446 0.346875 0.35347222222222224 0.35390625 0.27291666666666664 0.353125 0.23402777777777778 0.344140625 0.2111111111111111 0.318359375 0.20833333333333334 0.3109375 0.21736111111111112 0.30625 0.23541666666666666 0.31171875 0.37430555555555556 0.31015625 0.3993055555555556 0.28984375 0.47430555555555554 0.2859375 0.5145833333333333 0.2859375 0.6006944444444444 0.30390625 0.7020833333333333 0.311328125 0.7111111111111111 0.340625 0.7118055555555556 0.35078125 0.7034722222222223 0.3671875 0.61875
1 0.4375 0.7381944444444445 0.4515625 0.6756944444444445 0.45703125 0.6340277777777777 0.46015625 0.5506944444444445 0.4515625 0.48680555555555555 0.44140625 0.4576388888888889 0.4375 0.4326388888888889 0.4375 0.36180555555555555 0.44453125 0.26180555555555557 0.43984375 0.2423611111111111 0.433203125 0.23194444444444445 0.415234375 0.225 0.404296875 0.23333333333333334 0.3953125 0.2590277777777778 0.4 0.38125 0.3984375 0.42569444444444443 0.375 0.51875 0.36953125 0.59375 0.3734375 0.6493055555555556 0.38828125 0.7340277777777777 0.400390625 0.7458333333333333 0.42109375 0.7465277777777778 0.431640625 0.7458333333333333 0.4375 0.7381944444444445
1 0.49140625 0.4215277777777778 0.4890625 0.39375 0.48515625 0.3840277777777778 0.4875 0.3659722222222222 0.484375 0.2965277777777778 0.4859375 0.27708333333333335 0.49296875 0.25763888888888886 0.49375 0.22847222222222222 0.491796875 0.21944444444444444 0.479296875 0.2152777777777778 0.451171875 0.2152777777777778 0.44765625 0.2298611111111111 0.453125 0.32708333333333334 0.45234375 0.3659722222222222 0.4515625 0.38263888888888886 0.43984375 0.4354166666666667 0.4421875 0.4534722222222222 0.4515625 0.48125 0.46328125 0.55625 0.4828125 0.4798611111111111 0.49140625 0.4215277777777778
1 0.54609375 0.7006944444444444 0.55234375 0.6465277777777778 0.553125 0.6048611111111111 0.54609375 0.5409722222222222 0.528125 0.46041666666666664 0.52734375 0.40208333333333335 0.5359375 0.32013888888888886 0.5359375 0.28541666666666665 0.524609375 0.25555555555555554 0.509765625 0.24861111111111112 0.493359375 0.25972222222222224 0.48515625 0.2923611111111111 0.4921875 0.41180555555555554 0.48984375 0.4534722222222222 0.4625 0.5715277777777777 0.46015625 0.6451388888888889 0.465625 0.70625 0.48203125 0.7854166666666667 0.491796875 0.7916666666666666 0.521875 0.7909722222222222 0.53125 0.7743055555555556 0.54609375 0.7006944444444444
1 0.596875 0.6381944444444444 0.60234375 0.5979166666666667 0.60390625 0.5354166666666667 0.60078125 0.5034722222222222 0.5796875 0.41180555555555554 0.58046875 0.33402777777777776 0.58671875 0.28125 0.58671875 0.24930555555555556 0.58125 0.22847222222222222 0.576171875 0.2222222222222222 0.551171875 0.21944444444444444 0.54453125 0.22569444444444445 0.53828125 0.24791666666666667 0.54296875 0.3909722222222222 0.540625 0.41458333333333336 0.53203125 0.4465277777777778 0.53125 0.4701388888888889 0.5484375 0.5479166666666667 0.55390625 0.5965277777777778 0.553125 0.6534722222222222 0.54453125 0.7201388888888889 0.549609375 0.725 0.57265625 0.7243055555555555 0.5796875 0.7173611111111111 0.596875 0.6381944444444444
1 0.675 0.7493055555555556 0.69296875 0.6631944444444444 0.696875 0.6284722222222222 0.69765625 0.5715277777777777 0.69296875 0.5298611111111111 0.67265625 0.4409722222222222 0.6796875 0.29375 0.678125 0.2659722222222222 0.670703125 0.24444444444444444 0.653515625 0.2361111111111111 0.640234375 0.24583333333333332 0.63203125 0.2659722222222222 0.63125 0.3145833333333333 0.6375 0.38680555555555557 0.63671875 0.41597222222222224 0.634375 0.4409722222222222 0.6109375 0.5298611111111111 0.60546875 0.6076388888888888 0.61171875 0.6756944444444445 0.62734375 0.7548611111111111 0.637890625 0.7638888888888888 0.6671875 0.7631944444444444 0.671484375 0.7611111111111111 0.675 0.7493055555555556
1 0.7265625 0.6340277777777777 0.7359375 0.5743055555555555 0.73671875 0.5173611111111112 0.7296875 0.45902777777777776 0.7140625 0.39791666666666664 0.7140625 0.33541666666666664 0.72109375 0.23541666666666666 0.716015625 0.22777777777777777 0.677734375 0.22777777777777777 0.675 0.2465277777777778 0.68046875 0.27291666666666664 0.68046875 0.3215277777777778 0.678125 0.3909722222222222 0.67421875 0.4048611111111111 0.6734375 0.4270833333333333 0.678125 0.4618055555555556 0.69296875 0.5243055555555556 0.6984375 0.5756944444444444 0.696875 0.6381944444444444 0.68984375 0.6965277777777777 0.7015625 0.6993055555555555 0.71484375 0.6895833333333333 0.7265625 0.6340277777777777
1 0.8140625 0.7159722222222222 0.8296875 0.6354166666666666 0.83515625 0.5590277777777778 0.828125 0.4965277777777778 0.809375 0.41875 0.81171875 0.3326388888888889 0.81640625 0.2881944444444444 0.815625 0.2520833333333333 0.808984375 0.23472222222222222 0.779296875 0.23194444444444445 0.771875 0.24097222222222223 0.7671875 0.26458333333333334 0.77265625 0.35208333333333336 0.771875 0.4201388888888889 0.7453125 0.5270833333333333 0.74296875 0.5881944444444445 0.74921875 0.6506944444444445 0.76484375 0.7284722222222222 0.771484375 0.7361111111111112 0.79765625 0.7368055555555556 0.806640625 0.7347222222222223 0.8140625 0.7159722222222222
1 0.9222187500000001 0.2519027777777778 0.0004843749999999147 0.000111111111111089
1 0.9390625 0.7006944444444444 0.95390625 0.6340277777777777 0.96171875 0.5673611111111111 0.96171875 0.5118055555555555 0.95390625 0.46041666666666664 0.946875 0.44375 0.93828125 0.40625 0.94375 0.24375 0.933984375 0.2388888888888889 0.901171875 0.2388888888888889 0.89765625 0.24513888888888888 0.896875 0.2673611111111111 0.903125 0.3548611111111111 0.90234375 0.39791666666666664 0.878125 0.4979166666666667 0.87421875 0.5298611111111111 0.87421875 0.5770833333333333 0.878125 0.6159722222222223 0.89375 0.6993055555555555 0.903515625 0.7083333333333334 0.9234375 0.7090277777777778 0.931640625 0.7083333333333334 0.9390625 0.7006944444444444