1 0.4296875 0.5921296296296297 0.43385416666666665 0.5689814814814815 0.4395833333333333 0.5513888888888889 0.44114583333333335 0.5356481481481481 0.43802083333333336 0.5125 0.42604166666666665 0.4773148148148148 0.4265625 0.43194444444444446 0.428125 0.4263888888888889 0.4270833333333333 0.3902777777777778 0.4205729166666667 0.37592592592592594 0.41484375 0.3731481481481482 0.4075520833333333 0.37592592592592594 0.40208333333333335 0.38564814814814813 0.4005208333333333 0.39490740740740743 0.4005208333333333 0.42824074074074076 0.4046875 0.44305555555555554 0.40625 0.4708333333333333 0.4010416666666667 0.5023148148148148 0.4046875 0.5217592592592593 0.4041666666666667 0.6078703703703704 0.40625 0.6189814814814815 0.41171875 0.6305555555555555 0.42083333333333334 0.6328703703703704 0.42864583333333334 0.6282407407407408 0.4296875 0.5921296296296297
1 0.6572916666666667 0.6282407407407408 0.6567708333333333 0.5958333333333333 0.65 0.5430555555555555 0.6619791666666667 0.4597222222222222 0.6583333333333333 0.43842592592592594 0.6497395833333334 0.4287037037037037 0.6388020833333333 0.43148148148148147 0.63125 0.44675925925925924 0.6302083333333334 0.4550925925925926 0.6302083333333334 0.5125 0.6328125 0.5449074074074074 0.6213541666666667 0.6078703703703704 0.6192708333333333 0.6356481481481482 0.6244791666666667 0.6625 0.62734375 0.6666666666666666 0.63125 0.6662037037037037 0.6497395833333334 0.6592592592592592 0.6572916666666667 0.6282407407407408
1 0.5942708333333333 0.6106481481481482 0.59375 0.5578703703703703 0.5973958333333333 0.5078703703703704 0.59375 0.47453703703703703 0.6015625 0.41435185185185186 0.6015625 0.39861111111111114 0.5989583333333334 0.38935185185185184 0.5955729166666667 0.38333333333333336 0.5888020833333333 0.37962962962962965 0.5799479166666667 0.38425925925925924 0.5744791666666667 0.3976851851851852 0.5739583333333333 0.4810185185185185 0.5635416666666667 0.5078703703703704 0.5609375 0.5263888888888889 0.5614583333333333 0.5449074074074074 0.5703125 0.5930555555555556 0.5697916666666667 0.6347222222222222 0.5721354166666667 0.6398148148148148 0.5796875 0.6393518518518518 0.5890625 0.6319444444444444 0.5942708333333333 0.6106481481481482
1 0.6739583333333333 0.5875 0.6776041666666667 0.5606481481481481 0.6770833333333334 0.5347222222222222 0.6713541666666667 0.48935185185185187 0.6713541666666667 0.4736111111111111 0.6791666666666667 0.42268518518518516 0.6796875 0.4041666666666667 0.6770833333333334 0.39305555555555555 0.67109375 0.38425925925925924 0.6606770833333333 0.3861111111111111 0.6541666666666667 0.39675925925925926 0.6526041666666667 0.4078703703703704 0.6526041666666667 0.4273148148148148 0.659375 0.4393518518518518 0.6619791666666667 0.4532407407407407 0.6609375 0.47453703703703703 0.6546875 0.5023148148148148 0.65 0.5412037037037037 0.6578125 0.6069444444444444 0.6572916666666667 0.6208333333333333 0.659375 0.6263888888888889 0.6645833333333333 0.6171296296296296 0.6739583333333333 0.5875
1 0.7244791666666667 0.6291666666666667 0.7270833333333333 0.6106481481481482 0.7421875 0.5467592592592593 0.7416666666666667 0.5291666666666667 0.7375 0.5152777777777777 0.73359375 0.5083333333333333 0.7278645833333334 0.5055555555555555 0.71484375 0.5120370370370371 0.7098958333333333 0.5226851851851851 0.70625 0.5513888888888889 0.703125 0.6087962962962963 0.7 0.624537037037037 0.684375 0.6550925925925926 0.6877604166666667 0.6583333333333333 0.7223958333333333 0.6578703703703703 0.725 0.6560185185185186 0.7244791666666667 0.6291666666666667
1 0.8083333333333333 0.6217592592592592 0.8286458333333333 0.5458333333333333 0.828125 0.5300925925925926 0.81953125 0.512962962962963 0.80703125 0.5120370370370371 0.80234375 0.5166666666666667 0.7973958333333333 0.5282407407407408 0.7875 0.6097222222222223 0.784375 0.6217592592592592 0.76875 0.6486111111111111 0.7682291666666666 0.6550925925925926 0.7697916666666667 0.6560185185185186 0.80625 0.6467592592592593 0.8083333333333333 0.6217592592592592
1 0.3765625 0.6023148148148149 0.36822916666666666 0.5458333333333333 0.36614583333333334 0.44675925925925924 0.36302083333333335 0.4337962962962963 0.3575520833333333 0.42407407407407405 0.34765625 0.4222222222222222 0.3385416666666667 0.43287037037037035 0.33541666666666664 0.4449074074074074 0.3359375 0.4634259259259259 0.3380208333333333 0.48194444444444445 0.3416666666666667 0.49398148148148147 0.34479166666666666 0.5300925925925926 0.34479166666666666 0.5449074074074074 0.3359375 0.5976851851851852 0.33541666666666664 0.6189814814814815 0.33984375 0.6416666666666667 0.3692708333333333 0.6560185185185186 0.37604166666666666 0.6282407407407408 0.3765625 0.6023148148148149
1 0.28880208333333335 0.49444444444444446 0.28046875 0.48703703703703705 0.27291666666666664 0.48935185185185187 0.28203125 0.4981481481481482 0.28828125 0.4981481481481482 0.28854166666666664 0.5097222222222222 0.2947916666666667 0.5199074074074074 0.29270833333333335 0.5032407407407408 0.28880208333333335 0.49444444444444446
1 0.29765625 0.5601851851851852 0.2953125 0.5634259259259259 0.29635416666666664 0.5930555555555556 0.3067708333333333 0.6208333333333333 0.3067708333333333 0.5875 0.29765625 0.5601851851851852
1 0.2765625 0.5930555555555556 0.26276041666666666 0.5416666666666666 0.2578125 0.5708333333333333 0.25729166666666664 0.6152777777777778 0.26015625 0.6296296296296297 0.2703125 0.6310185185185185 0.2760416666666667 0.6263888888888889 0.2765625 0.5930555555555556
1 0.403125 0.6050925925925926 0.4036458333333333 0.5152777777777777 0.39817708333333335 0.49907407407407406 0.3888020833333333 0.4925925925925926 0.37526041666666665 0.4981481481481482 0.36822916666666666 0.5171296296296296 0.3692708333333333 0.5458333333333333 0.378125 0.6134259259259259 0.3703125 0.6560185185185186 0.37578125 0.6611111111111111 0.38333333333333336 0.6606481481481481 0.4114583333333333 0.6430555555555556 0.403125 0.6050925925925926
1 0.48072916666666665 0.6402777777777777 0.48385416666666664 0.6263888888888889 0.48385416666666664 0.6143518518518518 0.48125 0.5930555555555556 0.46770833333333334 0.5356481481481481 0.4666666666666667 0.47175925925925927 0.46927083333333336 0.4393518518518518 0.4661458333333333 0.4300925925925926 0.4591145833333333 0.4212962962962963 0.45234375 0.4203703703703704 0.44609375 0.42407407407407405 0.4401041666666667 0.43842592592592594 0.4401041666666667 0.475462962962963 0.4432291666666667 0.5078703703703704 0.4427083333333333 0.5439814814814815 0.43385416666666665 0.5717592592592593 0.43020833333333336 0.5921296296296297 0.42864583333333334 0.6300925925925925 0.43255208333333334 0.6416666666666667 0.44609375 0.6444444444444445 0.45807291666666666 0.6527777777777778 0.4713541666666667 0.6523148148148148 0.47734375 0.6481481481481481 0.48072916666666665 0.6402777777777777
1 0.515625 0.6412037037037037 0.5125 0.6282407407407408 0.5130208333333334 0.5986111111111111 0.5177083333333333 0.5597222222222222 0.5223958333333333 0.5587962962962963 0.5208333333333334 0.5513888888888889 0.5229166666666667 0.5449074074074074 0.5229166666666667 0.5319444444444444 0.5182291666666666 0.5143518518518518 0.5122395833333333 0.5037037037037037 0.5028645833333333 0.4962962962962963 0.4859375 0.5041666666666667 0.4796875 0.5236111111111111 0.47708333333333336 0.5439814814814815 0.47708333333333336 0.5625 0.4828125 0.5875 0.484375 0.6125 0.48385416666666664 0.6300925925925925 0.4796875 0.6430555555555556 0.48151041666666666 0.6462962962962963 0.4890625 0.6458333333333334 0.5127604166666667 0.6444444444444445 0.515625 0.6412037037037037
1 0.5171875 0.4375 0.5166666666666667 0.39675925925925926 0.51015625 0.37777777777777777 0.5002604166666667 0.375 0.49609375 0.37777777777777777 0.4901041666666667 0.3902777777777778 0.48854166666666665 0.41898148148148145 0.48541666666666666 0.42453703703703705 0.4859375 0.4356481481481482 0.4822916666666667 0.43842592592592594 0.4825520833333333 0.44722222222222224 0.490625 0.42824074074074076 0.4921875 0.4699074074074074 0.4864583333333333 0.5023148148148148 0.5028645833333333 0.49722222222222223 0.5151041666666667 0.5050925925925925 0.5140625 0.4671296296296296 0.5171875 0.4375
1 0.303125 0.611574074074074 0.3020833333333333 0.600462962962963 0.2989583333333333 0.5976851851851852 0.30052083333333335 0.5856481481481481 0.29739583333333336 0.5800925925925926 0.2984375 0.5643518518518519 0.29375 0.5050925925925925 0.28515625 0.4898148148148148 0.28046875 0.48703703703703705 0.27109375 0.4888888888888889 0.26510416666666664 0.49583333333333335 0.2609375 0.5106481481481482 0.2630208333333333 0.5152777777777777 0.26197916666666665 0.5300925925925926 0.2640625 0.5486111111111112 0.27291666666666664 0.5856481481481481 0.2755208333333333 0.6134259259259259 0.27291666666666664 0.6291666666666667 0.27630208333333334 0.6351851851851852 0.31145833333333334 0.6393518518518518 0.31302083333333336 0.6347222222222222 0.303125 0.611574074074074
1 0.2125 0.5837962962962963 0.20885416666666667 0.5513888888888889 0.20833333333333334 0.5162037037037037 0.203125 0.49398148148148147 0.19973958333333333 0.487962962962963 0.19296875 0.4842592592592593 0.18151041666666667 0.48703703703703705 0.17447916666666666 0.5032407407407408 0.17395833333333333 0.5236111111111111 0.19166666666666668 0.5958333333333333 0.19270833333333334 0.6236111111111111 0.19921875 0.6277777777777778 0.228125 0.6291666666666667 0.21770833333333334 0.6050925925925926 0.2125 0.5837962962962963
1 0.18828125 0.5898148148148148 0.18463541666666666 0.5907407407407408 0.18802083333333333 0.6208333333333333 0.19270833333333334 0.6217592592592592 0.18958333333333333 0.5939814814814814 0.18828125 0.5898148148148148
1 0.23177083333333334 0.5736111111111111 0.21171875 0.5259259259259259 0.209375 0.5356481481481481 0.20989583333333334 0.5523148148148148 0.21614583333333334 0.5976851851851852 0.22890625 0.6259259259259259 0.23645833333333333 0.6273148148148148 0.23645833333333333 0.6023148148148149 0.23177083333333334 0.5736111111111111
1 0.20572916666666666 0.47453703703703703 0.2015625 0.4337962962962963 0.19244791666666666 0.4212962962962963 0.18151041666666667 0.42314814814814816 0.1765625 0.43194444444444446 0.17395833333333333 0.4449074074074074 0.17708333333333334 0.4810185185185185 0.18046875 0.4861111111111111 0.19348958333333333 0.48333333333333334 0.2015625 0.48842592592592593 0.20364583333333333 0.48657407407407405 0.20572916666666666 0.47453703703703703
1 0.1375 0.586574074074074 0.13125 0.5449074074074074 0.13020833333333334 0.5171296296296296 0.12552083333333333 0.49212962962962964 0.11484375 0.47962962962962963 0.10494791666666667 0.48333333333333334 0.09947916666666666 0.49212962962962964 0.096875 0.5106481481481482 0.10104166666666667 0.5356481481481481 0.1125 0.5726851851851852 0.115625 0.6060185185185185 0.12526041666666668 0.612037037037037 0.15104166666666666 0.6162037037037037 0.15208333333333332 0.6143518518518518 0.1375 0.586574074074074
1 0.17135416666666667 0.6023148148148149 0.16927083333333334 0.5837962962962963 0.1609375 0.5541666666666667 0.1421875 0.5143518518518518 0.13958333333333334 0.5032407407407408 0.134375 0.44027777777777777 0.12890625 0.42592592592592593 0.12317708333333334 0.4212962962962963 0.11484375 0.4222222222222222 0.10677083333333333 0.4393518518518518 0.10885416666666667 0.46064814814814814 0.1125 0.4773148148148148 0.12369791666666667 0.48703703703703705 0.12760416666666666 0.49953703703703706 0.13072916666666667 0.5162037037037037 0.134375 0.5699074074074074 0.13802083333333334 0.586574074074074 0.16223958333333333 0.6296296296296297 0.16979166666666667 0.6319444444444444 0.17135416666666667 0.6291666666666667 0.17135416666666667 0.6023148148148149
1 0.17083333333333334 0.5041666666666667 0.16927083333333334 0.475462962962963 0.1515625 0.425462962962963 0.15260416666666668 0.41898148148148145 0.14791666666666667 0.3976851851851852 0.14895833333333333 0.3902777777777778 0.14583333333333334 0.3587962962962963 0.13880208333333333 0.34814814814814815 0.13151041666666666 0.3490740740740741 0.12552083333333333 0.3597222222222222 0.125 0.37546296296296294 0.13645833333333332 0.39675925925925926 0.13854166666666667 0.4412037037037037 0.14427083333333332 0.4726851851851852 0.1578125 0.4986111111111111 0.165625 0.5208333333333334 0.16927083333333334 0.5180555555555556 0.17083333333333334 0.5041666666666667
1 0.34375 0.5162037037037037 0.33489583333333334 0.4532407407407407 0.3380208333333333 0.43287037037037035 0.34427083333333336 0.4236111111111111 0.34479166666666666 0.40324074074074073 0.3346354166666667 0.37592592592592594 0.32734375 0.375 0.321875 0.38101851851851853 0.3171875 0.3976851851851852 0.3177083333333333 0.41712962962962963 0.3265625 0.47453703703703703 0.3182291666666667 0.5300925925925926 0.3182291666666667 0.5523148148148148 0.3255208333333333 0.5930555555555556 0.3338541666666667 0.6097222222222223 0.34427083333333336 0.5449074074074074 0.34375 0.5162037037037037
1 0.61875 0.6347222222222222 0.6192708333333333 0.6208333333333333 0.6317708333333333 0.5449074074074074 0.6317708333333333 0.5254629629629629 0.6296875 0.5162037037037037 0.6236979166666666 0.5055555555555555 0.6111979166666667 0.5009259259259259 0.6013020833333333 0.5101851851851852 0.5958333333333333 0.5254629629629629 0.5942708333333333 0.6143518518518518 0.5921875 0.6273148148148148 0.5838541666666667 0.6504629629629629 0.5856770833333333 0.6537037037037037 0.6033854166666667 0.6564814814814814 0.621875 0.6662037037037037 0.6244791666666667 0.6615740740740741 0.61875 0.6347222222222222
1 0.5703125 0.5976851851851852 0.5604166666666667 0.5439814814814815 0.559375 0.5023148148148148 0.5635416666666667 0.48564814814814816 0.5661458333333333 0.44583333333333336 0.5611979166666666 0.42962962962962964 0.5528645833333333 0.42314814814814816 0.5466145833333333 0.42314814814814816 0.5348958333333333 0.44212962962962965 0.5348958333333333 0.48657407407407405 0.5375 0.524537037037037 0.5359375 0.5375 0.5192708333333333 0.5912037037037037 0.5166666666666667 0.6356481481481482 0.5184895833333333 0.6425925925925926 0.5221354166666666 0.6444444444444445 0.565625 0.6486111111111111 0.5697916666666667 0.6347222222222222 0.5703125 0.5976851851851852
1 0.88125 0.6162037037037037 0.8958333333333334 0.5652777777777778 0.8947916666666667 0.5310185185185186 0.8903645833333333 0.5157407407407407 0.88203125 0.5166666666666667 0.8744791666666667 0.5282407407407408 0.8588541666666667 0.6143518518518518 0.8421875 0.6421296296296296 0.84453125 0.6462962962962963 0.86328125 0.6555555555555556 0.8708333333333333 0.6560185185185186 0.8765625 0.6486111111111111 0.88125 0.6162037037037037
1 0.8536458333333333 0.4273148148148148 0.8661458333333333 0.3976851851851852 0.8666666666666667 0.3912037037037037 0.86015625 0.37592592592592594 0.8513020833333333 0.3768518518518518 0.846875 0.38472222222222224 0.8401041666666667 0.4486111111111111 0.8234375 0.48842592592592593 0.8213541666666667 0.5097222222222222 0.828125 0.5254629629629629 0.8458333333333333 0.49398148148148147 0.8536458333333333 0.4273148148148148
1 0.9119791666666667 0.524537037037037 0.9182291666666667 0.4736111111111111 0.9255208333333333 0.4587962962962963 0.9291666666666667 0.44212962962962965 0.9265625 0.4263888888888889 0.9205729166666666 0.4185185185185185 0.9122395833333333 0.4212962962962963 0.9072916666666667 0.4310185185185185 0.9005208333333333 0.48842592592592593 0.8921875 0.5087962962962963 0.8927083333333333 0.5152777777777777 0.9010416666666666 0.5300925925925926 0.9026041666666667 0.5513888888888889 0.9072916666666667 0.5439814814814815 0.9119791666666667 0.524537037037037
1 0.971875 0.6069444444444444 0.971875 0.5587962962962963 0.9890625 0.4930555555555556 0.9885416666666667 0.475462962962963 0.9815104166666667 0.4648148148148148 0.97578125 0.4638888888888889 0.9705729166666667 0.4685185185185185 0.9645833333333333 0.4875 0.9609375 0.5226851851851851 0.9645833333333333 0.5375 0.9640625 0.5532407407407407 0.9489583333333333 0.5995370370370371 0.9473958333333333 0.6106481481481482 0.94765625 0.6138888888888889 0.9536458333333333 0.6143518518518518 0.96953125 0.6111111111111112 0.971875 0.6069444444444444
1 1 0.6032407407407407 0.9997395833333333 0.5203703703703704 0.9916666666666667 0.5310185185185186 0.984375 0.5699074074074074 0.9833333333333333 0.5875 0.9875 0.5930555555555556 0.9848958333333333 0.6023148148148149 0.9877604166666667 0.6083333333333333 0.9927083333333333 0.6078703703703704 0.99765625 0.6074074074074074 1 0.6032407407407407
1 0.9640625 0.5504629629629629 0.9630208333333333 0.5319444444444444 0.9591145833333333 0.5222222222222223 0.9528645833333333 0.5166666666666667 0.9434895833333333 0.5194444444444445 0.9375 0.5310185185185186 0.9302083333333333 0.5819444444444445 0.9317708333333333 0.5930555555555556 0.9276041666666667 0.5995370370370371 0.928125 0.6050925925925926 0.9330729166666667 0.6129629629629629 0.9416666666666667 0.6162037037037037 0.9604166666666667 0.5662037037037037 0.9640625 0.5504629629629629
1 0.9234375 0.6125 0.9260416666666667 0.5939814814814814 0.9239583333333333 0.5819444444444445 0.9239583333333333 0.5578703703703703 0.9385416666666667 0.5078703703703704 0.9421875 0.48842592592592593 0.9416666666666667 0.47453703703703703 0.93359375 0.4601851851851852 0.92421875 0.462037037037037 0.9192708333333334 0.4708333333333333 0.909375 0.5375 0.8979166666666667 0.5717592592592593 0.90234375 0.5824074074074074 0.9057291666666667 0.5847222222222223 0.9072916666666667 0.5930555555555556 0.90625 0.6134259259259259 0.90234375 0.612037037037037 0.8989583333333333 0.6189814814814815 0.8997395833333334 0.6231481481481481 0.9036458333333334 0.6236111111111111 0.9174479166666667 0.6212962962962963 0.9234375 0.6125
1 0.5359375 0.5319444444444444 0.5369791666666667 0.5087962962962963 0.5348958333333333 0.4449074074074074 0.5380208333333333 0.43287037037037035 0.5463541666666667 0.41805555555555557 0.55 0.3736111111111111 0.5489583333333333 0.3449074074074074 0.54453125 0.3351851851851852 0.53828125 0.3333333333333333 0.5315104166666667 0.337037037037037 0.5265625 0.34675925925925927 0.5265625 0.4273148148148148 0.5140625 0.47824074074074074 0.5145833333333333 0.4930555555555556 0.5244791666666667 0.5300925925925926 0.5260416666666666 0.5523148148148148 0.5302083333333333 0.5504629629629629 0.5359375 0.5319444444444444
1 0.5765625 0.38657407407407407 0.5796875 0.32731481481481484 0.5763020833333333 0.3175925925925926 0.56796875 0.31296296296296294 0.56015625 0.3194444444444444 0.5578125 0.3263888888888889 0.559375 0.3921296296296296 0.5515625 0.4199074074074074 0.5611979166666666 0.4287037037037037 0.56875 0.4532407407407407 0.5729166666666666 0.4550925925925926 0.5744791666666667 0.39675925925925926 0.5765625 0.38657407407407407
1 0.62421875 0.5046296296296297 0.6255208333333333 0.500462962962963 0.6234375 0.46620370370370373 0.6177083333333333 0.4356481481481482 0.6244791666666667 0.3587962962962963 0.6223958333333334 0.350462962962963 0.61640625 0.3416666666666667 0.6065104166666667 0.3435185185185185 0.6020833333333333 0.350462962962963 0.6 0.3597222222222222 0.5994791666666667 0.3837962962962963 0.6020833333333333 0.4134259259259259 0.5947916666666667 0.46805555555555556 0.5947916666666667 0.4949074074074074 0.596875 0.5050925925925925 0.6005208333333333 0.5106481481481482 0.61015625 0.5009259259259259 0.62421875 0.5046296296296297
1 0.6921875 0.5050925925925925 0.6859375 0.44212962962962965 0.6864583333333333 0.4217592592592593 0.6927083333333334 0.3902777777777778 0.6942708333333333 0.36712962962962964 0.6921875 0.3560185185185185 0.68359375 0.34629629629629627 0.6747395833333333 0.35185185185185186 0.6703125 0.36898148148148147 0.6708333333333333 0.3837962962962963 0.6765625 0.3921296296296296 0.6791666666666667 0.4013888888888889 0.6786458333333333 0.425462962962963 0.6708333333333333 0.475462962962963 0.6791666666666667 0.5513888888888889 0.6833333333333333 0.5449074074074074 0.6921875 0.5050925925925925
1 0.39036458333333335 0.4925925925925926 0.4002604166666667 0.5 0.4046875 0.47453703703703703 0.4041666666666667 0.44583333333333336 0.4005208333333333 0.43287037037037035 0.39895833333333336 0.40879629629629627 0.4 0.35138888888888886 0.39739583333333334 0.3421296296296296 0.3888020833333333 0.3314814814814815 0.37994791666666666 0.3398148148148148 0.3770833333333333 0.3486111111111111 0.3770833333333333 0.3773148148148148 0.38177083333333334 0.425462962962963 0.37083333333333335 0.4791666666666667 0.37083333333333335 0.49953703703703706 0.3734375 0.500462962962963 0.38255208333333335 0.4925925925925926 0.39036458333333335 0.4925925925925926
1 0.484375 0.5023148148148148 0.4822916666666667 0.4736111111111111 0.47239583333333335 0.4310185185185185 0.47239583333333335 0.40046296296296297 0.4765625 0.3837962962962963 0.47604166666666664 0.36527777777777776 0.4734375 0.3486111111111111 0.46979166666666666 0.34120370370370373 0.46588541666666666 0.33611111111111114 0.4596354166666667 0.33611111111111114 0.45208333333333334 0.3439814814814815 0.44947916666666665 0.35509259259259257 0.45260416666666664 0.41898148148148145 0.46171875 0.42314814814814816 0.46822916666666664 0.43472222222222223 0.4666666666666667 0.5236111111111111 0.46875 0.5430555555555555 0.475 0.5569444444444445 0.47760416666666666 0.5310185185185186 0.484375 0.5023148148148148
1 0.4395833333333333 0.4393518518518518 0.4421875 0.42916666666666664 0.45 0.41898148148148145 0.4421875 0.3912037037037037 0.44375 0.3199074074074074 0.4388020833333333 0.3074074074074074 0.4309895833333333 0.30462962962962964 0.4239583333333333 0.3125 0.42135416666666664 0.324537037037037 0.425 0.3625 0.4244791666666667 0.3763888888888889 0.4276041666666667 0.3902777777777778 0.4265625 0.47175925925925927 0.4354166666666667 0.5060185185185185 0.4395833333333333 0.5097222222222222 0.44166666666666665 0.5023148148148148 0.4395833333333333 0.4393518518518518
1 0.41458333333333336 0.300462962962963 0.41067708333333336 0.2851851851851852 0.4044270833333333 0.2833333333333333 0.39947916666666666 0.28935185185185186 0.3958333333333333 0.300462962962963 0.396875 0.33287037037037037 0.4010416666666667 0.36064814814814816 0.41302083333333334 0.36157407407407405 0.4161458333333333 0.32175925925925924 0.41458333333333336 0.300462962962963
1 0.31197916666666664 0.46805555555555556 0.31666666666666665 0.44675925925925924 0.3182291666666667 0.4273148148148148 0.3125 0.3912037037037037 0.3109375 0.3282407407407407 0.3078125 0.3162037037037037 0.30130208333333336 0.3101851851851852 0.29296875 0.3148148148148148 0.290625 0.3199074074074074 0.290625 0.3421296296296296 0.296875 0.39305555555555555 0.290625 0.43287037037037035 0.29010416666666666 0.46064814814814814 0.29583333333333334 0.4930555555555556 0.3072916666666667 0.5180555555555556 0.3109375 0.5162037037037037 0.31197916666666664 0.46805555555555556
1 0.3802083333333333 0.4393518518518518 0.38125 0.41805555555555557 0.375 0.39861111111111114 0.37135416666666665 0.37175925925925923 0.371875 0.31805555555555554 0.3658854166666667 0.3074074074074074 0.35963541666666665 0.3074074074074074 0.35390625 0.31296296296296294 0.35104166666666664 0.32175925925925924 0.3515625 0.3421296296296296 0.35625 0.3699074074074074 0.3572916666666667 0.3902777777777778 0.3515625 0.41898148148148145 0.3606770833333333 0.42777777777777776 0.3651041666666667 0.4393518518518518 0.3671875 0.49583333333333335 0.3692708333333333 0.5023148148148148 0.37135416666666665 0.47453703703703703 0.3802083333333333 0.4393518518518518
1 0.2520833333333333 0.43472222222222223 0.2591145833333333 0.4222222222222222 0.2716145833333333 0.4222222222222222 0.275 0.4125 0.27291666666666664 0.38564814814814813 0.2674479166666667 0.37592592592592594 0.2591145833333333 0.3712962962962963 0.25026041666666665 0.3787037037037037 0.24583333333333332 0.3912037037037037 0.2421875 0.4337962962962963 0.24322916666666666 0.47453703703703703 0.24635416666666668 0.48009259259259257 0.24739583333333334 0.49027777777777776 0.2515625 0.49675925925925923 0.25 0.4513888888888889 0.2520833333333333 0.43472222222222223
1 0.13098958333333333 0.38425925925925924 0.12161458333333333 0.38055555555555554 0.11354166666666667 0.3921296296296296 0.11302083333333333 0.4134259259259259 0.11536458333333334 0.4212962962962963 0.12630208333333334 0.42314814814814816 0.13125 0.4310185185185185 0.13697916666666668 0.4532407407407407 0.13802083333333334 0.4699074074074074 0.13697916666666668 0.40324074074074073 0.13098958333333333 0.38425925925925924
1 0.09583333333333334 0.48194444444444445 0.08854166666666667 0.4513888888888889 0.084375 0.3976851851851852 0.07630208333333334 0.38333333333333336 0.06953125 0.38333333333333336 0.06197916666666667 0.3958333333333333 0.0625 0.41712962962962963 0.07213541666666666 0.42685185185185187 0.07604166666666666 0.4356481481481482 0.08333333333333333 0.49398148148148147 0.0875 0.4949074074074074 0.08645833333333333 0.5087962962962963 0.09036458333333333 0.5046296296296297 0.09479166666666666 0.5087962962962963 0.09322916666666667 0.48657407407407405 0.09583333333333334 0.48194444444444445
1 0.10833333333333334 0.5606481481481481 0.08489583333333334 0.5097222222222222 0.08072916666666667 0.4847222222222222 0.078125 0.4486111111111111 0.07395833333333333 0.4300925925925926 0.06796875 0.4222222222222222 0.05859375 0.42407407407407405 0.05260416666666667 0.4337962962962963 0.051041666666666666 0.4476851851851852 0.065625 0.5097222222222222 0.06770833333333333 0.5625 0.07291666666666667 0.5828703703703704 0.08411458333333334 0.6 0.11197916666666667 0.6069444444444444 0.1140625 0.5930555555555556 0.10833333333333334 0.5606481481481481
1 0.07291666666666667 0.5828703703703704 0.06875 0.5662037037037037 0.0578125 0.48935185185185187 0.04973958333333333 0.4787037037037037 0.039322916666666666 0.48055555555555557 0.03229166666666667 0.49398148148148147 0.03177083333333333 0.5097222222222222 0.0375 0.5347222222222222 0.044270833333333336 0.5513888888888889 0.04479166666666667 0.5615740740740741 0.052083333333333336 0.5902777777777778 0.07916666666666666 0.600462962962963 0.07864583333333333 0.5930555555555556 0.07291666666666667 0.5828703703703704
1 0.044270833333333336 0.5578703703703703 0.03229166666666667 0.5171296296296296 0.024479166666666666 0.43842592592592594 0.017447916666666667 0.42407407407407405 0.008072916666666667 0.42407407407407405 0.0026041666666666665 0.43287037037037035 0.0010416666666666667 0.44675925925925924 0.016666666666666666 0.5162037037037037 0.016666666666666666 0.5689814814814815 0.02578125 0.587037037037037 0.04739583333333333 0.5893518518518519 0.04895833333333333 0.5856481481481481 0.044270833333333336 0.5578703703703703