0 0.6828125 0.8340277777777778 0.69140625 0.8020833333333334 0.69140625 0.7743055555555556 0.684375 0.7451388888888889 0.675390625 0.7277777777777777 0.658984375 0.7125 0.641796875 0.7111111111111111 0.629296875 0.7180555555555556 0.61328125 0.7409722222222223 0.60546875 0.7673611111111112 0.6046875 0.7993055555555556 0.61171875 0.8326388888888889 0.623828125 0.8555555555555555 0.640234375 0.8694444444444445 0.65625 0.8701388888888889 0.664453125 0.8666666666666667 0.6828125 0.8340277777777778
1 0.6421875 0.20208333333333334 0.6421875 0.17152777777777778 0.6328125 0.12708333333333333 0.63671875 0.09791666666666667 0.632421875 0.09166666666666666 0.6203125 0.09652777777777778 0.621875 0.1326388888888889 0.6109375 0.1798611111111111 0.61171875 0.2076388888888889 0.6171875 0.23819444444444443 0.619921875 0.24305555555555555 0.63046875 0.2423611111111111 0.6359375 0.23402777777777778 0.6421875 0.20208333333333334
1 0.6796875 0.1909722222222222 0.66953125 0.13819444444444445 0.67265625 0.09513888888888888 0.657421875 0.09305555555555556 0.65546875 0.11041666666666666 0.6578125 0.13958333333333334 0.64609375 0.18819444444444444 0.64609375 0.2076388888888889 0.65390625 0.24930555555555556 0.665625 0.2520833333333333 0.671875 0.24513888888888888 0.6796875 0.1909722222222222
1 0.715625 0.1951388888888889 0.71015625 0.16041666666666668 0.7046875 0.14652777777777778 0.70859375 0.09791666666666667 0.705078125 0.09166666666666666 0.698046875 0.09166666666666666 0.69140625 0.09791666666666667 0.6953125 0.14652777777777778 0.684375 0.1840277777777778 0.68203125 0.20902777777777778 0.69140625 0.2604166666666667 0.70390625 0.26180555555555557 0.7140625 0.22847222222222222 0.715625 0.1951388888888889
1 0.71015625 0.12708333333333333 0.71328125 0.09652777777777778 0.709765625 0.09305555555555556 0.709375 0.12569444444444444 0.70546875 0.13541666666666666 0.70546875 0.14791666666666667 0.71484375 0.18125 0.71796875 0.21458333333333332 0.721875 0.17569444444444443 0.71015625 0.12708333333333333
1 0.753125 0.22430555555555556 0.7515625 0.19791666666666666 0.74296875 0.15625 0.74765625 0.10625 0.741796875 0.09305555555555556 0.733203125 0.09444444444444444 0.72890625 0.10208333333333333 0.72890625 0.1284722222222222 0.73359375 0.15486111111111112 0.725 0.17708333333333334 0.71953125 0.2076388888888889 0.71953125 0.22708333333333333 0.72734375 0.2673611111111111 0.7375 0.2701388888888889 0.74453125 0.26319444444444445 0.753125 0.22430555555555556
1 0.746875 0.13958333333333334 0.75078125 0.09652777777777778 0.749609375 0.09166666666666666 0.743359375 0.09166666666666666 0.74140625 0.09791666666666667 0.7453125 0.10902777777777778 0.7453125 0.13680555555555557 0.7421875 0.15902777777777777 0.75390625 0.22708333333333333 0.7578125 0.18263888888888888 0.746875 0.13958333333333334
1 0.7984375 0.19375 0.7859375 0.1423611111111111 0.78984375 0.09513888888888888 0.778515625 0.09027777777777778 0.771875 0.09791666666666667 0.77578125 0.1451388888888889 0.7640625 0.18958333333333333 0.76328125 0.21458333333333332 0.771875 0.2604166666666667 0.7859375 0.26180555555555557 0.79765625 0.21319444444444444 0.7984375 0.19375
1 0.7984375 0.16319444444444445 0.7890625 0.12708333333333333 0.79296875 0.09791666666666667 0.787109375 0.09027777777777778 0.773828125 0.09166666666666666 0.771875 0.1076388888888889 0.77578125 0.14791666666666667 0.784765625 0.14722222222222223 0.7875 0.15208333333333332 0.79609375 0.19236111111111112 0.7984375 0.19236111111111112 0.80078125 0.18958333333333333 0.7984375 0.16319444444444445
1 0.83828125 0.2048611111111111 0.8375 0.17847222222222223 0.828125 0.13958333333333334 0.830078125 0.09027777777777778 0.81484375 0.09375 0.81875 0.13819444444444445 0.80625 0.18263888888888888 0.80625 0.20902777777777778 0.81171875 0.24375 0.815234375 0.2513888888888889 0.8234375 0.2520833333333333 0.8296875 0.24930555555555556 0.83828125 0.2048611111111111
1 0.8796875 0.17291666666666666 0.86875 0.12708333333333333 0.87265625 0.07569444444444444 0.866796875 0.06944444444444445 0.85703125 0.09652777777777778 0.8609375 0.12569444444444444 0.85078125 0.16041666666666668 0.8484375 0.19652777777777777 0.85625 0.23958333333333334 0.86953125 0.24097222222222223 0.878125 0.2076388888888889 0.8796875 0.17291666666666666