1 0.2578125 0.46064814814814814 0.25052083333333336 0.42916666666666664 0.25 0.39305555555555555 0.24661458333333333 0.3861111111111111 0.24296875 0.3851851851851852 0.2390625 0.39490740740740743 0.24166666666666667 0.4310185185185185 0.23645833333333333 0.4532407407407407 0.2359375 0.4708333333333333 0.24270833333333333 0.5023148148148148 0.24895833333333334 0.5041666666666667 0.2552083333333333 0.4976851851851852 0.2578125 0.46064814814814814
1 0.2296875 0.48194444444444445 0.23020833333333332 0.44675925925925924 0.2234375 0.4217592592592593 0.22291666666666668 0.38564814814814813 0.22005208333333334 0.37962962962962965 0.21536458333333333 0.3787037037037037 0.2125 0.38842592592592595 0.21458333333333332 0.4263888888888889 0.2109375 0.4375 0.209375 0.4652777777777778 0.215625 0.4930555555555556 0.21796875 0.4962962962962963 0.22447916666666667 0.49583333333333335 0.22760416666666666 0.4930555555555556 0.2296875 0.48194444444444445
1 0.2864583333333333 0.4726851851851852 0.278125 0.4356481481481482 0.2786458333333333 0.4050925925925926 0.27421875 0.39444444444444443 0.27057291666666666 0.39537037037037037 0.2677083333333333 0.4050925925925926 0.26927083333333335 0.44027777777777777 0.26458333333333334 0.4587962962962963 0.2635416666666667 0.47824074074074074 0.2703125 0.5106481481481482 0.2786458333333333 0.5125 0.2828125 0.5087962962962963 0.2864583333333333 0.4726851851851852
1 0.315625 0.49675925925925923 0.31614583333333335 0.48009259259259257 0.3072916666666667 0.4439814814814815 0.3072916666666667 0.4115740740740741 0.30234375 0.4009259259259259 0.296875 0.4078703703703704 0.2984375 0.4476851851851852 0.29375 0.46805555555555556 0.29322916666666665 0.4875 0.2989583333333333 0.5171296296296296 0.30182291666666666 0.5212962962962963 0.3078125 0.5208333333333334 0.3109375 0.5180555555555556 0.315625 0.49675925925925923
1 0.3390625 0.47453703703703703 0.334375 0.45416666666666666 0.334375 0.4125 0.32838541666666665 0.4083333333333333 0.32447916666666665 0.4152777777777778 0.3255208333333333 0.45416666666666666 0.31979166666666664 0.4791666666666667 0.31927083333333334 0.4976851851851852 0.3255208333333333 0.5263888888888889 0.32838541666666665 0.5296296296296297 0.33489583333333334 0.5291666666666667 0.3375 0.5236111111111111 0.3390625 0.47453703703703703
1 0.20520833333333333 0.4671296296296296 0.20364583333333333 0.43657407407407406 0.19739583333333333 0.41435185185185186 0.19583333333333333 0.3773148148148148 0.19244791666666666 0.37222222222222223 0.18828125 0.37222222222222223 0.18489583333333334 0.3819444444444444 0.18802083333333333 0.4134259259259259 0.18333333333333332 0.43657407407407406 0.1828125 0.45787037037037037 0.18854166666666666 0.4847222222222222 0.19140625 0.4888888888888889 0.1984375 0.48842592592592593 0.2015625 0.4847222222222222 0.20520833333333333 0.4671296296296296
1 0.17604166666666668 0.4689814814814815 0.17604166666666668 0.43472222222222223 0.16979166666666667 0.41064814814814815 0.16927083333333334 0.3736111111111111 0.16588541666666667 0.36666666666666664 0.16119791666666666 0.36574074074074076 0.1578125 0.37546296296296294 0.1609375 0.4078703703703704 0.15625 0.43194444444444446 0.15625 0.45601851851851855 0.16380208333333332 0.48055555555555557 0.17083333333333334 0.4810185185185185 0.17447916666666666 0.4773148148148148 0.17604166666666668 0.4689814814814815
1 0.14895833333333333 0.4615740740740741 0.14947916666666666 0.4300925925925926 0.14270833333333333 0.39861111111111114 0.14270833333333333 0.3699074074074074 0.14114583333333333 0.3625 0.13723958333333333 0.3574074074074074 0.13177083333333334 0.36342592592592593 0.13072916666666667 0.3699074074074074 0.13385416666666666 0.4041666666666667 0.12916666666666668 0.4263888888888889 0.12864583333333332 0.44675925925925924 0.13255208333333332 0.45740740740740743 0.14322916666666666 0.4689814814814815 0.14609375 0.4685185185185185 0.14895833333333333 0.4615740740740741
1 0.125 0.4236111111111111 0.12239583333333333 0.4060185185185185 0.11927083333333334 0.39861111111111114 0.11770833333333333 0.36342592592592593 0.11484375 0.35555555555555557 0.10963541666666667 0.3537037037037037 0.10572916666666667 0.3597222222222222 0.1078125 0.399537037037037 0.10416666666666667 0.42083333333333334 0.10598958333333333 0.42685185185185187 0.11744791666666667 0.44074074074074077 0.1234375 0.44305555555555554 0.12552083333333333 0.4356481481481482 0.125 0.4236111111111111
1 0.125 0.38564814814814813 0.1234375 0.3476851851851852 0.11953125 0.3416666666666667 0.11432291666666666 0.3416666666666667 0.109375 0.3560185185185185 0.115625 0.36342592592592593 0.1171875 0.39675925925925926 0.1234375 0.41805555555555557 0.125 0.44583333333333336 0.12708333333333333 0.44675925925925924 0.13072916666666667 0.4041666666666667 0.125 0.38564814814814813
1 0.15572916666666667 0.3958333333333333 0.1515625 0.38657407407407407 0.15364583333333334 0.37546296296296294 0.15104166666666666 0.3560185185185185 0.14947916666666666 0.3486111111111111 0.14505208333333333 0.34444444444444444 0.14088541666666668 0.3472222222222222 0.13854166666666667 0.3560185185185185 0.14270833333333333 0.3726851851851852 0.14270833333333333 0.39861111111111114 0.14947916666666666 0.425462962962963 0.14895833333333333 0.45601851851851855 0.15078125 0.4601851851851852 0.15364583333333334 0.4597222222222222 0.1578125 0.41435185185185186 0.15572916666666667 0.3958333333333333
1 0.16041666666666668 0.3976851851851852 0.15625 0.3773148148148148 0.1546875 0.3402777777777778 0.15286458333333333 0.3351851851851852 0.14765625 0.33425925925925926 0.1453125 0.33564814814814814 0.14375 0.3449074074074074 0.1390625 0.350462962962963 0.13802083333333334 0.3560185185185185 0.14166666666666666 0.36435185185185187 0.14322916666666666 0.3837962962962963 0.14947916666666666 0.3912037037037037 0.15416666666666667 0.4041666666666667 0.15729166666666666 0.42824074074074076 0.16041666666666668 0.4115740740740741 0.16041666666666668 0.3976851851851852
1 0.36822916666666666 0.49398148148148147 0.3729166666666667 0.46435185185185185 0.3692708333333333 0.43472222222222223 0.3703125 0.4078703703703704 0.36796875 0.40185185185185185 0.36328125 0.4 0.35885416666666664 0.40879629629629627 0.3609375 0.44583333333333336 0.3567708333333333 0.4708333333333333 0.359375 0.5097222222222222 0.36223958333333334 0.5194444444444445 0.36770833333333336 0.5199074074074074 0.3692708333333333 0.5180555555555556 0.36822916666666666 0.49398148148148147
1 0.31666666666666665 0.49583333333333335 0.32083333333333336 0.45694444444444443 0.3145833333333333 0.4300925925925926 0.31354166666666666 0.38935185185185184 0.30703125 0.3851851851851852 0.30416666666666664 0.3902777777777778 0.30416666666666664 0.4013888888888889 0.29791666666666666 0.40694444444444444 0.29791666666666666 0.4337962962962963 0.303125 0.4412037037037037 0.2994791666666667 0.42916666666666664 0.2994791666666667 0.40879629629629627 0.3059895833333333 0.4064814814814815 0.30885416666666665 0.4587962962962963 0.3078125 0.47175925925925927 0.3109375 0.48194444444444445 0.30807291666666664 0.4842592592592593 0.30572916666666666 0.48009259259259257 0.3072916666666667 0.48842592592592593 0.30520833333333336 0.4949074074074074 0.30885416666666665 0.5013888888888889 0.30833333333333335 0.5125 0.30234375 0.512962962962963 0.30104166666666665 0.5162037037037037 0.3104166666666667 0.5171296296296296 0.3109375 0.5050925925925925 0.31666666666666665 0.49583333333333335
1 0.29322916666666665 0.45046296296296295 0.284375 0.4199074074074074 0.2859375 0.3976851851851852 0.2833333333333333 0.3819444444444444 0.27630208333333334 0.37777777777777777 0.2734375 0.3912037037037037 0.278125 0.4013888888888889 0.278125 0.4356481481481482 0.28489583333333335 0.46064814814814814 0.28541666666666665 0.48842592592592593 0.2875 0.4912037037037037 0.2916666666666667 0.4773148148148148 0.29322916666666665 0.45046296296296295
1 0.26510416666666664 0.4449074074074074 0.2578125 0.4125 0.259375 0.3976851851851852 0.25677083333333334 0.3763888888888889 0.2513020833333333 0.37037037037037035 0.24713541666666666 0.37037037037037035 0.2453125 0.3837962962962963 0.25052083333333336 0.3958333333333333 0.25052083333333336 0.42916666666666664 0.2578125 0.4597222222222222 0.25625 0.4828703703703704 0.2598958333333333 0.4847222222222222 0.2635416666666667 0.4726851851851852 0.26510416666666664 0.4449074074074074
1 0.23854166666666668 0.43287037037037035 0.23020833333333332 0.4050925925925926 0.23177083333333334 0.38935185185185184 0.2296875 0.36898148148148147 0.22734375 0.3638888888888889 0.22265625 0.3638888888888889 0.21927083333333333 0.36898148148148147 0.21927083333333333 0.3773148148148148 0.2234375 0.38842592592592595 0.2234375 0.42268518518518516 0.23072916666666668 0.449537037037037 0.23020833333333332 0.47453703703703703 0.23333333333333334 0.4773148148148148 0.2359375 0.47453703703703703 0.23854166666666668 0.43287037037037035
1 0.2109375 0.41898148148148145 0.2046875 0.39861111111111114 0.20677083333333332 0.3837962962962963 0.203125 0.3625 0.20026041666666666 0.3574074074074074 0.19557291666666668 0.3574074074074074 0.19166666666666668 0.3625 0.19114583333333332 0.37083333333333335 0.19583333333333333 0.38101851851851853 0.19635416666666666 0.4125 0.203125 0.4393518518518518 0.20364583333333333 0.46805555555555556 0.20520833333333333 0.4689814814814815 0.20833333333333334 0.46435185185185185 0.2109375 0.41898148148148145
1 0.184375 0.41898148148148145 0.17447916666666666 0.3837962962962963 0.17708333333333334 0.3699074074074074 0.175 0.3560185185185185 0.16901041666666666 0.35 0.16458333333333333 0.35509259259259257 0.1640625 0.36435185185185187 0.17083333333333334 0.37916666666666665 0.16927083333333334 0.4060185185185185 0.17604166666666668 0.43287037037037035 0.17552083333333332 0.4625 0.1796875 0.46435185185185185 0.18229166666666666 0.46064814814814814 0.184375 0.41898148148148145
1 0.18697916666666667 0.33194444444444443 0.18411458333333333 0.32685185185185184 0.17682291666666666 0.3277777777777778 0.175 0.3365740740740741 0.18020833333333333 0.3439814814814815 0.18229166666666666 0.3560185185185185 0.18489583333333334 0.3587962962962963 0.1875 0.34953703703703703 0.18697916666666667 0.33194444444444443
1 0.3890625 0.5236111111111111 0.3890625 0.49953703703703706 0.3828125 0.4652777777777778 0.38229166666666664 0.43194444444444446 0.37786458333333334 0.4203703703703704 0.37265625 0.41944444444444445 0.3697916666666667 0.4263888888888889 0.3723958333333333 0.4689814814814815 0.36822916666666666 0.48842592592592593 0.36822916666666666 0.5106481481481482 0.3734375 0.5365740740740741 0.3763020833333333 0.5416666666666666 0.3828125 0.5421296296296296 0.3859375 0.5393518518518519 0.3890625 0.5236111111111111
1 0.4265625 0.5106481481481482 0.43020833333333336 0.4828703703703704 0.4276041666666667 0.45787037037037037 0.42864583333333334 0.43194444444444446 0.4270833333333333 0.42083333333333334 0.42421875 0.41574074074074074 0.41953125 0.41574074074074074 0.415625 0.42453703703703705 0.4166666666666667 0.45694444444444443 0.4125 0.4773148148148148 0.4125 0.48842592592592593 0.4203125 0.5162037037037037 0.4203125 0.5328703703703703 0.42161458333333335 0.5370370370370371 0.425 0.5375 0.4276041666666667 0.5319444444444444 0.4265625 0.5106481481481482
1 0.44635416666666666 0.5356481481481481 0.4473958333333333 0.5023148148148148 0.4401041666666667 0.4699074074074074 0.440625 0.43472222222222223 0.4361979166666667 0.42685185185185187 0.4315104166666667 0.42685185185185187 0.42864583333333334 0.43287037037037035 0.43072916666666666 0.47824074074074074 0.4270833333333333 0.49953703703703706 0.4265625 0.5180555555555556 0.43333333333333335 0.5504629629629629 0.4401041666666667 0.5541666666666667 0.4432291666666667 0.5504629629629629 0.44635416666666666 0.5356481481481481
1 0.3421875 0.43657407407407406 0.34322916666666664 0.41064814814814815 0.340625 0.3976851851851852 0.33359375 0.3925925925925926 0.3296875 0.4050925925925926 0.3338541666666667 0.4115740740740741 0.334375 0.45046296296296295 0.3377604166666667 0.4601851851851852 0.3421875 0.4597222222222222 0.34479166666666666 0.45416666666666666 0.3421875 0.43657407407407406