1 0.6348958333333333 0.6726851851851852 0.6380208333333334 0.6393518518518518 0.6380208333333334 0.611574074074074 0.6276041666666666 0.5597222222222222 0.6291666666666667 0.49212962962962964 0.62421875 0.48148148148148145 0.6158854166666666 0.47962962962962963 0.6098958333333333 0.4875 0.6083333333333333 0.49398148148148147 0.6119791666666666 0.5587962962962963 0.6015625 0.6078703703703704 0.6010416666666667 0.6375 0.6104166666666667 0.6902777777777778 0.6138020833333333 0.6935185185185185 0.625 0.6930555555555555 0.6307291666666667 0.6893518518518519 0.6348958333333333 0.6726851851851852
1 0.7515625 0.6810185185185185 0.7583333333333333 0.6365740740740741 0.759375 0.6041666666666666 0.7572916666666667 0.586574074074074 0.7479166666666667 0.5513888888888889 0.7484375 0.4810185185185185 0.7455729166666667 0.475 0.7393229166666667 0.47129629629629627 0.7341145833333333 0.475 0.7296875 0.48842592592592593 0.7328125 0.5513888888888889 0.7239583333333334 0.5902777777777778 0.7223958333333333 0.624537037037037 0.73125 0.6800925925925926 0.7346354166666667 0.6888888888888889 0.7421875 0.6902777777777778 0.74765625 0.687962962962963 0.7515625 0.6810185185185185
1 0.6984375 0.5986111111111111 0.6880208333333333 0.5578703703703703 0.6875 0.5375 0.690625 0.4949074074074074 0.6856770833333333 0.47962962962962963 0.67734375 0.47685185185185186 0.671875 0.4837962962962963 0.6697916666666667 0.4930555555555556 0.6729166666666667 0.5550925925925926 0.6630208333333333 0.5986111111111111 0.6619791666666667 0.6236111111111111 0.6638020833333333 0.6259259259259259 0.6825520833333333 0.6222222222222222 0.69140625 0.625 0.6984375 0.6365740740740741 0.7 0.6208333333333333 0.6984375 0.5986111111111111
1 0.6427083333333333 0.663425925925926 0.64765625 0.6620370370370371 0.6536458333333334 0.649537037037037 0.6604166666666667 0.6282407407407408 0.6619791666666667 0.611574074074074 0.6598958333333333 0.5726851851851852 0.6546875 0.5513888888888889 0.6567708333333333 0.48657407407407405 0.6533854166666667 0.47685185185185186 0.64765625 0.47314814814814815 0.6408854166666667 0.47685185185185186 0.6369791666666667 0.48842592592592593 0.6401041666666667 0.5458333333333333 0.6338541666666667 0.5837962962962963 0.6380208333333334 0.6069444444444444 0.6385416666666667 0.638425925925926 0.6364583333333333 0.6671296296296296 0.6395833333333333 0.6875 0.6416666666666667 0.6837962962962963 0.6427083333333333 0.663425925925926
1 0.6015625 0.6606481481481481 0.6005208333333333 0.6199074074074075 0.6020833333333333 0.5912037037037037 0.59375 0.5569444444444445 0.5958333333333333 0.4912037037037037 0.59140625 0.48055555555555557 0.58359375 0.4777777777777778 0.5794270833333334 0.48055555555555557 0.575 0.49212962962962964 0.5776041666666667 0.5578703703703703 0.571875 0.5791666666666667 0.5760416666666667 0.6078703703703704 0.5734375 0.674537037037037 0.5783854166666667 0.6888888888888889 0.5927083333333333 0.6893518518518519 0.5963541666666666 0.6828703703703703 0.6015625 0.6606481481481481
1 0.5395833333333333 0.6625 0.540625 0.5976851851851852 0.5322916666666667 0.5587962962962963 0.5354166666666667 0.4930555555555556 0.52890625 0.48148148148148145 0.52109375 0.48055555555555557 0.51796875 0.4824074074074074 0.5130208333333334 0.4949074074074074 0.5161458333333333 0.5578703703703703 0.5088541666666667 0.5967592592592592 0.5166666666666667 0.6199074074074075 0.5203125 0.6412037037037037 0.5197916666666667 0.663425925925926 0.515625 0.6902777777777778 0.5302083333333333 0.6939814814814815 0.5338541666666666 0.6921296296296297 0.5395833333333333 0.6625
1 0.5723958333333333 0.6773148148148148 0.5755208333333334 0.6097222222222223 0.571875 0.5847222222222223 0.5661458333333333 0.5643518518518519 0.56875 0.4949074074074074 0.56484375 0.48518518518518516 0.55703125 0.48148148148148145 0.5502604166666667 0.48703703703703705 0.546875 0.4986111111111111 0.55 0.5615740740740741 0.5411458333333333 0.6023148148148149 0.540625 0.6550925925925926 0.5453125 0.6875 0.5486979166666667 0.6962962962962963 0.565625 0.6986111111111111 0.56875 0.6939814814814815 0.5723958333333333 0.6773148148148148
1 0.55 0.5578703703703703 0.5479166666666667 0.49398148148148147 0.5518229166666667 0.4842592592592593 0.5588541666666667 0.4810185185185185 0.55546875 0.4740740740740741 0.54609375 0.47685185185185186 0.5416666666666666 0.48842592592592593 0.54375 0.5513888888888889 0.5380208333333333 0.5791666666666667 0.5416666666666666 0.5902777777777778 0.5458333333333333 0.5810185185185185 0.55 0.5578703703703703
1 0.503125 0.5587962962962963 0.5057291666666667 0.49398148148148147 0.5013020833333334 0.48148148148148145 0.49192708333333335 0.4777777777777778 0.48541666666666666 0.4847222222222222 0.4828125 0.4949074074074074 0.4859375 0.5458333333333333 0.48541666666666666 0.5587962962962963 0.4796875 0.5837962962962963 0.49661458333333336 0.587037037037037 0.5067708333333333 0.5949074074074074 0.5088541666666667 0.5791666666666667 0.503125 0.5587962962962963
1 0.4546875 0.6486111111111111 0.45625 0.6273148148148148 0.4640625 0.6032407407407407 0.47604166666666664 0.5856481481481481 0.46927083333333336 0.5449074074074074 0.4713541666666667 0.4875 0.46848958333333335 0.48055555555555557 0.46119791666666665 0.475 0.45338541666666665 0.4777777777777778 0.44947916666666665 0.4875 0.4510416666666667 0.5513888888888889 0.4427083333333333 0.5902777777777778 0.440625 0.6097222222222223 0.44166666666666665 0.6375 0.4484375 0.6773148148148148 0.45260416666666664 0.6837962962962963 0.4515625 0.6921296296296297 0.459375 0.6902777777777778 0.4546875 0.6486111111111111
0 0.5145833333333333 0.6847222222222222 0.5192708333333333 0.6615740740740741 0.5192708333333333 0.638425925925926 0.5130208333333334 0.611574074074074 0.5033854166666667 0.5944444444444444 0.4940104166666667 0.587037037037037 0.47890625 0.5861111111111111 0.46848958333333335 0.5972222222222222 0.46041666666666664 0.6125 0.4552083333333333 0.6356481481481482 0.4557291666666667 0.6643518518518519 0.45989583333333334 0.6819444444444445 0.46901041666666665 0.7018518518518518 0.47942708333333334 0.7101851851851851 0.4921875 0.711574074074074 0.5065104166666666 0.7 0.5145833333333333 0.6847222222222222