1 0.32395833333333335 0.9319444444444445 0.32760416666666664 0.8921296296296296 0.32447916666666665 0.8643518518518518 0.3145833333333333 0.8300925925925926 0.31614583333333335 0.825462962962963 0.3151041666666667 0.8143518518518519 0.3182291666666667 0.7597222222222222 0.31276041666666665 0.7481481481481481 0.30494791666666665 0.7462962962962963 0.2994791666666667 0.7532407407407408 0.29791666666666666 0.7597222222222222 0.29739583333333336 0.7782407407407408 0.30104166666666665 0.8300925925925926 0.2911458333333333 0.8643518518518518 0.28802083333333334 0.9013888888888889 0.28958333333333336 0.9217592592592593 0.29791666666666666 0.961574074074074 0.30390625 0.9657407407407408 0.3140625 0.9652777777777778 0.3171875 0.9625 0.32395833333333335 0.9319444444444445
1 0.13125 0.9495370370370371 0.134375 0.9143518518518519 0.13385416666666666 0.8949074074074074 0.13229166666666667 0.8800925925925925 0.12083333333333333 0.836574074074074 0.12239583333333333 0.7708333333333334 0.11796875 0.7601851851851852 0.10963541666666667 0.7574074074074074 0.10208333333333333 0.7671296296296296 0.10104166666666667 0.7736111111111111 0.10520833333333333 0.8347222222222223 0.1046875 0.8449074074074074 0.09583333333333334 0.8847222222222222 0.09479166666666666 0.9189814814814815 0.10572916666666667 0.9745370370370371 0.10963541666666667 0.9796296296296296 0.11875 0.9791666666666666 0.1265625 0.9726851851851852 0.13125 0.9495370370370371
1 0.15833333333333333 0.9486111111111111 0.15729166666666666 0.8921296296296296 0.16145833333333334 0.8634259259259259 0.1515625 0.8263888888888888 0.153125 0.7606481481481482 0.14921875 0.7481481481481481 0.14140625 0.7444444444444445 0.13619791666666667 0.7481481481481481 0.13125 0.7606481481481482 0.1359375 0.8300925925925926 0.128125 0.8597222222222223 0.13333333333333333 0.8865740740740741 0.134375 0.9032407407407408 0.13229166666666667 0.9495370370370371 0.13671875 0.9611111111111111 0.1421875 0.9634259259259259 0.15338541666666666 0.9611111111111111 0.15833333333333333 0.9486111111111111
1 0.28854166666666664 0.924537037037037 0.28802083333333334 0.888425925925926 0.290625 0.8625 0.28020833333333334 0.8217592592592593 0.28177083333333336 0.7523148148148148 0.2752604166666667 0.7388888888888889 0.26953125 0.7379629629629629 0.26197916666666665 0.7486111111111111 0.2604166666666667 0.7652777777777777 0.2640625 0.8032407407407407 0.2635416666666667 0.8226851851851852 0.25885416666666666 0.8421296296296297 0.2640625 0.8773148148148148 0.26145833333333335 0.9458333333333333 0.2669270833333333 0.9555555555555556 0.2765625 0.9550925925925926 0.2828125 0.950462962962963 0.28854166666666664 0.924537037037037
1 0.19322916666666667 0.9412037037037037 0.19635416666666666 0.913425925925926 0.19635416666666666 0.8921296296296296 0.1921875 0.8662037037037037 0.19270833333333334 0.8532407407407407 0.18333333333333332 0.8300925925925926 0.1859375 0.7671296296296296 0.18255208333333334 0.7574074074074074 0.17630208333333333 0.7527777777777778 0.16953125 0.7555555555555555 0.16510416666666666 0.7662037037037037 0.16458333333333333 0.7865740740740741 0.16875 0.8236111111111111 0.15885416666666666 0.8791666666666667 0.15729166666666666 0.913425925925926 0.16041666666666668 0.9412037037037037 0.16770833333333332 0.9717592592592592 0.18020833333333333 0.9736111111111111 0.18697916666666667 0.9680555555555556 0.19322916666666667 0.9412037037037037
1 0.2609375 0.9430555555555555 0.26458333333333334 0.8875 0.25833333333333336 0.8430555555555556 0.253125 0.8300925925925926 0.2552083333333333 0.7615740740740741 0.25078125 0.7472222222222222 0.24348958333333334 0.7472222222222222 0.23828125 0.7518518518518519 0.23541666666666666 0.7606481481481482 0.2375 0.8328703703703704 0.22864583333333333 0.8689814814814815 0.22708333333333333 0.9217592592592593 0.2359375 0.9634259259259259 0.23984375 0.9685185185185186 0.2520833333333333 0.9680555555555556 0.2552083333333333 0.9643518518518519 0.2609375 0.9430555555555555
1 0.22552083333333334 0.924537037037037 0.228125 0.8699074074074075 0.225 0.8467592592592592 0.21770833333333334 0.8236111111111111 0.2203125 0.7513888888888889 0.21328125 0.7416666666666667 0.20755208333333333 0.7407407407407407 0.20052083333333334 0.7476851851851852 0.1984375 0.7606481481481482 0.2015625 0.8125 0.19270833333333334 0.8643518518518518 0.19635416666666666 0.8939814814814815 0.1953125 0.9356481481481481 0.20078125 0.9564814814814815 0.21666666666666667 0.9587962962962963 0.21979166666666666 0.9560185185185185 0.22552083333333334 0.924537037037037
1 0.18854166666666666 0.8226851851851852 0.18489583333333334 0.8180555555555555 0.18463541666666666 0.8064814814814815 0.18385416666666668 0.8291666666666667 0.190625 0.8430555555555556 0.19270833333333334 0.8569444444444444 0.19322916666666667 0.8430555555555556 0.18854166666666666 0.8226851851851852
1 0.18307291666666667 0.737037037037037 0.17526041666666667 0.7333333333333333 0.16770833333333332 0.7393518518518518 0.165625 0.7513888888888889 0.16692708333333334 0.7564814814814815 0.17682291666666666 0.7527777777777778 0.18489583333333334 0.7615740740740741 0.1875 0.7523148148148148 0.18307291666666667 0.737037037037037
1 0.21953125 0.8046296296296296 0.2171875 0.8226851851851852 0.22604166666666667 0.8476851851851852 0.228125 0.8606481481481482 0.22864583333333333 0.8384259259259259 0.21953125 0.8046296296296296
1 0.21640625 0.725 0.20807291666666666 0.7231481481481481 0.20260416666666667 0.7300925925925926 0.20182291666666666 0.7425925925925926 0.21432291666666667 0.7425925925925926 0.2203125 0.7523148148148148 0.2203125 0.7319444444444444 0.21640625 0.725
1 0.21953125 0.8055555555555556 0.21927083333333333 0.8226851851851852 0.22395833333333334 0.8282407407407407 0.22395833333333334 0.8208333333333333 0.21953125 0.8055555555555556
1 0.2375 0.8236111111111111 0.23567708333333334 0.8101851851851852 0.22604166666666667 0.8476851851851852 0.22604166666666667 0.8578703703703704 0.228125 0.8634259259259259 0.2359375 0.8421296296296297 0.2375 0.8236111111111111
1 0.24713541666666666 0.7472222222222222 0.2515625 0.7523148148148148 0.2520833333333333 0.7421296296296296 0.24869791666666666 0.7342592592592593 0.24401041666666667 0.7305555555555555 0.23880208333333333 0.7314814814814815 0.23177083333333334 0.7421296296296296 0.23229166666666667 0.7717592592592593 0.24036458333333333 0.75 0.24713541666666666 0.7472222222222222