1 0.4583333333333333 0.9541666666666667 0.45989583333333334 0.9263888888888889 0.45729166666666665 0.9087962962962963 0.45208333333333334 0.8939814814814815 0.453125 0.8467592592592592 0.45026041666666666 0.8398148148148148 0.44557291666666665 0.8388888888888889 0.4401041666666667 0.850462962962963 0.44166666666666665 0.8939814814814815 0.4354166666666667 0.9171296296296296 0.43385416666666665 0.9375 0.4401041666666667 0.9791666666666666 0.4434895833333333 0.9833333333333333 0.44895833333333335 0.9828703703703704 0.45416666666666666 0.9773148148148149 0.4583333333333333 0.9541666666666667
1 0.35260416666666666 0.9430555555555555 0.35520833333333335 0.9013888888888889 0.3463541666666667 0.8717592592592592 0.3484375 0.8300925925925926 0.3455729166666667 0.8212962962962963 0.34036458333333336 0.8194444444444444 0.3333333333333333 0.8291666666666667 0.33645833333333336 0.8717592592592592 0.3296875 0.9023148148148148 0.3296875 0.9236111111111112 0.33645833333333336 0.9578703703703704 0.34427083333333336 0.9606481481481481 0.3494791666666667 0.9560185185185185 0.35260416666666666 0.9430555555555555
1 0.47552083333333334 0.7726851851851851 0.46979166666666666 0.7467592592592592 0.46927083333333336 0.7050925925925926 0.4627604166666667 0.7018518518518518 0.45989583333333334 0.7106481481481481 0.4609375 0.7439814814814815 0.4552083333333333 0.7689814814814815 0.4546875 0.7847222222222222 0.4588541666666667 0.8125 0.4622395833333333 0.8175925925925925 0.4671875 0.8171296296296297 0.471875 0.8087962962962963 0.47552083333333334 0.7726851851851851
1 0.3927083333333333 0.7708333333333334 0.3854166666666667 0.7375 0.3854166666666667 0.7032407407407407 0.38046875 0.6962962962962963 0.3763020833333333 0.6981481481481482 0.37447916666666664 0.7041666666666667 0.37552083333333336 0.7412037037037037 0.3703125 0.7652777777777777 0.3703125 0.7819444444444444 0.37552083333333336 0.8087962962962963 0.38177083333333334 0.8115740740740741 0.3890625 0.8032407407407407 0.3927083333333333 0.7708333333333334
1 0.4046875 0.7189814814814814 0.40572916666666664 0.6884259259259259 0.40208333333333335 0.6689814814814815 0.40208333333333335 0.6356481481481482 0.39609375 0.6305555555555555 0.3921875 0.6356481481481482 0.3927083333333333 0.6689814814814815 0.3880208333333333 0.700462962962963 0.3921875 0.7282407407407407 0.3984375 0.7319444444444444 0.403125 0.7263888888888889 0.4046875 0.7189814814814814
1 0.4817708333333333 0.6939814814814815 0.47708333333333336 0.6699074074074074 0.4786458333333333 0.6412037037037037 0.4747395833333333 0.6287037037037037 0.4703125 0.6337962962962963 0.46875 0.6402777777777777 0.46927083333333336 0.6699074074074074 0.4635416666666667 0.6976851851851852 0.46927083333333336 0.7060185185185185 0.4703125 0.7300925925925926 0.47552083333333334 0.7310185185185185 0.48020833333333335 0.725462962962963 0.4817708333333333 0.6939814814814815
1 0.4197916666666667 0.6319444444444444 0.41510416666666666 0.6143518518518518 0.415625 0.5847222222222223 0.41119791666666666 0.5787037037037037 0.40729166666666666 0.5837962962962963 0.4078125 0.6143518518518518 0.403125 0.6328703703703704 0.403125 0.6439814814814815 0.40625 0.6662037037037037 0.41354166666666664 0.6689814814814815 0.4171875 0.663425925925926 0.4197916666666667 0.6319444444444444
1 0.4869791666666667 0.6337962962962963 0.48385416666666664 0.6180555555555556 0.484375 0.5884259259259259 0.4783854166666667 0.5787037037037037 0.4744791666666667 0.5828703703703704 0.47552083333333334 0.6152777777777778 0.47291666666666665 0.6291666666666667 0.47760416666666666 0.6393518518518518 0.47760416666666666 0.6699074074074074 0.4828125 0.6717592592592593 0.4869791666666667 0.649537037037037 0.4869791666666667 0.6337962962962963
1 0.43020833333333336 0.5791666666666667 0.4276041666666667 0.5652777777777778 0.4270833333333333 0.5402777777777777 0.42265625 0.5351851851851852 0.4197916666666667 0.538425925925926 0.4192708333333333 0.5671296296296297 0.415625 0.5939814814814814 0.41822916666666665 0.611574074074074 0.425 0.6143518518518518 0.4296875 0.6078703703703704 0.43020833333333336 0.5791666666666667
1 0.48541666666666666 0.5662037037037037 0.4859375 0.5430555555555555 0.4830729166666667 0.537962962962963 0.47890625 0.537962962962963 0.47708333333333336 0.5449074074074074 0.47708333333333336 0.5782407407407407 0.48385416666666664 0.5884259259259259 0.484375 0.6069444444444444 0.4864583333333333 0.6106481481481482 0.48854166666666665 0.5856481481481481 0.48541666666666666 0.5662037037037037
1 0.4395833333333333 0.5356481481481481 0.4375 0.5273148148148148 0.43697916666666664 0.500462962962963 0.43645833333333334 0.4976851851851852 0.43463541666666666 0.4962962962962963 0.4315104166666667 0.49722222222222223 0.4296875 0.5023148148148148 0.42916666666666664 0.5263888888888889 0.4270833333333333 0.5365740740740741 0.4270833333333333 0.5550925925925926 0.4276041666666667 0.5652777777777778 0.42890625 0.5685185185185185 0.43645833333333334 0.5689814814814815 0.43802083333333336 0.5652777777777778 0.4395833333333333 0.5356481481481481
1 0.4921875 0.5421296296296296 0.4901041666666667 0.5310185185185186 0.4901041666666667 0.5069444444444444 0.49114583333333334 0.5023148148148148 0.48671875 0.4981481481481482 0.48489583333333336 0.500462962962963 0.4828125 0.5069444444444444 0.4822916666666667 0.5328703703703703 0.48125 0.5375 0.4830729166666667 0.5388888888888889 0.48541666666666666 0.5439814814814815 0.48541666666666666 0.5662037037037037 0.4861979166666667 0.5694444444444444 0.4875 0.5689814814814815 0.490625 0.5634259259259259 0.4921875 0.5421296296296296
1 0.44375 0.5282407407407408 0.4453125 0.5078703703703704 0.4453125 0.5013888888888889 0.4427083333333333 0.48935185185185187 0.4432291666666667 0.46620370370370373 0.44244791666666666 0.4648148148148148 0.4393229166666667 0.4648148148148148 0.43645833333333334 0.46805555555555556 0.4348958333333333 0.49398148148148147 0.43697916666666664 0.513425925925926 0.43697916666666664 0.524537037037037 0.4390625 0.5310185185185186 0.440625 0.5310185185185186 0.44244791666666666 0.5305555555555556 0.44375 0.5282407407407408
1 0.49583333333333335 0.5226851851851851 0.4947916666666667 0.5189814814814815 0.4953125 0.5078703703703704 0.49322916666666666 0.49583333333333335 0.4947916666666667 0.48935185185185187 0.4942708333333333 0.4736111111111111 0.49192708333333335 0.4685185185185185 0.48984375 0.4675925925925926 0.48776041666666664 0.4685185185185185 0.4864583333333333 0.4708333333333333 0.48541666666666666 0.500462962962963 0.48333333333333334 0.5097222222222222 0.48463541666666665 0.512962962962963 0.4875 0.5162037037037037 0.4869791666666667 0.5199074074074074 0.48489583333333336 0.5236111111111111 0.4861979166666667 0.524074074074074 0.48802083333333335 0.5273148148148148 0.4903645833333333 0.5351851851851852 0.49166666666666664 0.5347222222222222 0.4942708333333333 0.5319444444444444 0.49583333333333335 0.5226851851851851
1 0.44947916666666665 0.49027777777777776 0.4505208333333333 0.4837962962962963 0.4505208333333333 0.4736111111111111 0.4484375 0.4625 0.44895833333333335 0.44675925925925924 0.4471354166666667 0.44166666666666665 0.4434895833333333 0.4425925925925926 0.4427083333333333 0.4449074074074074 0.4421875 0.4652777777777778 0.44114583333333335 0.47453703703703703 0.44166666666666665 0.475462962962963 0.44166666666666665 0.48935185185185187 0.4432291666666667 0.49953703703703706 0.44505208333333335 0.5018518518518519 0.4473958333333333 0.5023148148148148 0.44947916666666665 0.49675925925925923 0.44947916666666665 0.49027777777777776
1 0.4552083333333333 0.4634259259259259 0.4557291666666667 0.4625 0.4552083333333333 0.45416666666666666 0.45260416666666664 0.44675925925925924 0.4552083333333333 0.4375 0.4557291666666667 0.43194444444444446 0.4552083333333333 0.42916666666666664 0.45286458333333335 0.425 0.4513020833333333 0.42407407407407405 0.4473958333333333 0.4273148148148148 0.446875 0.4300925925925926 0.446875 0.44305555555555554 0.4479166666666667 0.4486111111111111 0.4484375 0.4671296296296296 0.4505208333333333 0.4791666666666667 0.4515625 0.4810185185185185 0.4552083333333333 0.46805555555555556 0.4552083333333333 0.4634259259259259