1 0.021875 0.44583333333333336 0.026041666666666668 0.41712962962962963 0.025 0.3912037037037037 0.018229166666666668 0.3486111111111111 0.019791666666666666 0.300462962962963 0.015885416666666666 0.28703703703703703 0.00859375 0.287962962962963 0.0026041666666666665 0.29768518518518516 0.005729166666666666 0.3486111111111111 0 0.37546296296296294 0.0005208333333333333 0.43657407407407406 0.0049479166666666664 0.45092592592592595 0.013020833333333334 0.45416666666666666 0.019010416666666665 0.45185185185185184 0.021875 0.44583333333333336
1 0.03958333333333333 0.40694444444444444 0.041666666666666664 0.3680555555555556 0.03177083333333333 0.3263888888888889 0.034375 0.27824074074074073 0.022135416666666668 0.275 0.017708333333333333 0.2791666666666667 0.0171875 0.28564814814814815 0.0203125 0.31342592592592594 0.01875 0.350462962962963 0.023958333333333335 0.37546296296296294 0.026041666666666668 0.4273148148148148 0.027864583333333335 0.43148148148148147 0.03177083333333333 0.43194444444444446 0.035416666666666666 0.4273148148148148 0.03958333333333333 0.40694444444444444
1 0.071875 0.4162037037037037 0.0734375 0.38101851851851853 0.06354166666666666 0.3375 0.065625 0.28564814814814815 0.061197916666666664 0.27870370370370373 0.05286458333333333 0.27870370370370373 0.0484375 0.2847222222222222 0.04739583333333333 0.29212962962962963 0.052083333333333336 0.3375 0.04375 0.3699074074074074 0.042708333333333334 0.4013888888888889 0.04895833333333333 0.4375 0.05390625 0.4444444444444444 0.06354166666666666 0.4439814814814815 0.0671875 0.43842592592592594 0.071875 0.4162037037037037
1 0.11458333333333333 0.4041666666666667 0.115625 0.3699074074074074 0.10572916666666667 0.3282407407407407 0.109375 0.2800925925925926 0.10494791666666667 0.275 0.09661458333333334 0.275 0.09270833333333334 0.2791666666666667 0.0921875 0.29398148148148145 0.096875 0.3300925925925926 0.09375 0.33564814814814814 0.0875 0.3699074074074074 0.08697916666666666 0.3912037037037037 0.09427083333333333 0.42916666666666664 0.09713541666666667 0.4324074074074074 0.10677083333333333 0.43194444444444446 0.11041666666666666 0.4273148148148148 0.11458333333333333 0.4041666666666667
1 0.3265625 0.4078703703703704 0.32864583333333336 0.3763888888888889 0.32447916666666665 0.3486111111111111 0.3182291666666667 0.3282407407407407 0.32083333333333336 0.2791666666666667 0.30963541666666666 0.2759259259259259 0.30572916666666666 0.28194444444444444 0.309375 0.32546296296296295 0.30104166666666665 0.3625 0.3 0.3912037037037037 0.30625 0.4273148148148148 0.30911458333333336 0.43148148148148147 0.3182291666666667 0.4310185185185185 0.321875 0.42824074074074076 0.3265625 0.4078703703703704
1 0.3578125 0.4263888888888889 0.3619791666666667 0.3902777777777778 0.3578125 0.3597222222222222 0.35208333333333336 0.3421296296296296 0.3536458333333333 0.2884259259259259 0.3502604166666667 0.2796296296296296 0.34401041666666665 0.2777777777777778 0.3380208333333333 0.2875 0.340625 0.3375 0.3328125 0.3699074074074074 0.33125 0.39305555555555555 0.3333333333333333 0.41435185185185186 0.33958333333333335 0.44027777777777777 0.35 0.44212962962962965 0.3541666666666667 0.43842592592592594 0.3578125 0.4263888888888889
1 0.39114583333333336 0.44027777777777777 0.3963541666666667 0.40324074074074073 0.38645833333333335 0.350462962962963 0.3875 0.2986111111111111 0.38307291666666665 0.287962962962963 0.37890625 0.2861111111111111 0.3723958333333333 0.29768518518518516 0.375 0.3486111111111111 0.36614583333333334 0.38472222222222224 0.365625 0.4115740740740741 0.3723958333333333 0.4486111111111111 0.37473958333333335 0.45185185185185184 0.38333333333333336 0.4513888888888889 0.38828125 0.44814814814814813 0.39114583333333336 0.44027777777777777
1 0.43072916666666666 0.4050925925925926 0.4265625 0.3662037037037037 0.42135416666666664 0.35138888888888886 0.4234375 0.30416666666666664 0.41901041666666666 0.2962962962962963 0.4122395833333333 0.2953703703703704 0.4083333333333333 0.300462962962963 0.40677083333333336 0.30787037037037035 0.4088541666666667 0.35694444444444445 0.39895833333333336 0.4041666666666667 0.39947916666666666 0.42268518518518516 0.4078125 0.4625 0.4203125 0.4634259259259259 0.4296875 0.43194444444444446 0.43072916666666666 0.4050925925925926
1 0.4713541666666667 0.4023148148148148 0.4609375 0.3486111111111111 0.4630208333333333 0.3143518518518518 0.46197916666666666 0.2967592592592593 0.4596354166666667 0.2898148148148148 0.4513020833333333 0.28703703703703703 0.446875 0.2967592592592593 0.446875 0.3143518518518518 0.4505208333333333 0.33194444444444443 0.45 0.3476851851851852 0.44114583333333335 0.3837962962962963 0.440625 0.40324074074074073 0.4432291666666667 0.42916666666666664 0.4473958333333333 0.44675925925925924 0.45078125 0.45185185185185184 0.46041666666666664 0.4513888888888889 0.4661458333333333 0.44027777777777777 0.4713541666666667 0.4023148148148148
1 0.5109375 0.3773148148148148 0.5026041666666666 0.34305555555555556 0.5036458333333333 0.28564814814814815 0.5002604166666667 0.27870370370370373 0.49453125 0.27685185185185185 0.48802083333333335 0.2865740740740741 0.4901041666666667 0.34305555555555556 0.4822916666666667 0.37546296296296294 0.4817708333333333 0.399537037037037 0.4890625 0.43842592592592594 0.4908854166666667 0.44166666666666665 0.5026041666666666 0.44212962962962965 0.5109375 0.4050925925925926 0.5109375 0.3773148148148148
1 0.5494791666666666 0.4013888888888889 0.5505208333333333 0.3699074074074074 0.5421875 0.3282407407407407 0.54375 0.27824074074074073 0.54140625 0.2740740740740741 0.5315104166666667 0.2740740740740741 0.5286458333333334 0.2800925925925926 0.53125 0.32916666666666666 0.5229166666666667 0.3662037037037037 0.521875 0.3902777777777778 0.5291666666666667 0.42824074074074076 0.5421875 0.4310185185185185 0.5453125 0.425462962962963 0.5494791666666666 0.4013888888888889
1 0.3932291666666667 0.32546296296296295 0.3963541666666667 0.28194444444444444 0.39401041666666664 0.2759259259259259 0.38619791666666664 0.275 0.3807291666666667 0.2791666666666667 0.3807291666666667 0.2865740740740741 0.3859375 0.29212962962962963 0.3875 0.29953703703703705 0.38645833333333335 0.34675925925925927 0.39427083333333335 0.38564814814814813 0.3958333333333333 0.40879629629629627 0.39427083333333335 0.41898148148148145 0.3963541666666667 0.4236111111111111 0.403125 0.3680555555555556 0.3932291666666667 0.32546296296296295
1 0.4348958333333333 0.41712962962962963 0.43802083333333336 0.38657407407407407 0.4354166666666667 0.36527777777777776 0.4265625 0.3347222222222222 0.43072916666666666 0.3023148148148148 0.43020833333333336 0.2865740740740741 0.4278645833333333 0.2796296296296296 0.41953125 0.27685185185185185 0.415625 0.2828703703703704 0.41458333333333336 0.29398148148148145 0.4200520833333333 0.29814814814814816 0.4234375 0.30694444444444446 0.42135416666666664 0.350462962962963 0.4270833333333333 0.3680555555555556 0.4296875 0.39861111111111114 0.428125 0.4393518518518518 0.4317708333333333 0.43287037037037035 0.4348958333333333 0.41712962962962963
1 0.47708333333333336 0.3763888888888889 0.4671875 0.3282407407407407 0.46979166666666666 0.2791666666666667 0.46536458333333336 0.2740740740740741 0.45755208333333336 0.2740740740740741 0.4546875 0.2773148148148148 0.45416666666666666 0.28564814814814815 0.4609375 0.29398148148148145 0.4635416666666667 0.30694444444444446 0.4609375 0.3458333333333333 0.46927083333333336 0.38564814814814813 0.4713541666666667 0.40879629629629627 0.475 0.3976851851851852 0.47708333333333336 0.3763888888888889
0 0.46875 0.6134259259259259 0.4734375 0.5949074074074074 0.4734375 0.5791666666666667 0.4708333333333333 0.5587962962962963 0.46432291666666664 0.5425925925925926 0.45546875 0.5324074074074074 0.44140625 0.5287037037037037 0.42942708333333335 0.5333333333333333 0.4203125 0.5449074074074074 0.41354166666666664 0.5643518518518519 0.4119791666666667 0.5893518518518519 0.4161458333333333 0.6125 0.42578125 0.6324074074074074 0.43671875 0.6398148148148148 0.4484375 0.6402777777777777 0.4544270833333333 0.637962962962963 0.46875 0.6134259259259259
1 0.7151041666666667 0.4134259259259259 0.7151041666666667 0.34120370370370373 0.7125 0.3236111111111111 0.7145833333333333 0.2902777777777778 0.71015625 0.28425925925925927 0.7018229166666666 0.2861111111111111 0.6984375 0.2902777777777778 0.7005208333333334 0.324537037037037 0.69375 0.350462962962963 0.6911458333333333 0.3875 0.6979166666666666 0.42824074074074076 0.70234375 0.4324074074074074 0.7104166666666667 0.43194444444444446 0.7135416666666666 0.4273148148148148 0.7151041666666667 0.4134259259259259