1 0.06770833333333333 0.7532407407407408 0.07083333333333333 0.7087962962962963 0.059375 0.6625 0.06197916666666667 0.5930555555555556 0.05703125 0.5805555555555556 0.046614583333333334 0.5787037037037037 0.04244791666666667 0.5814814814814815 0.03697916666666667 0.5939814814814814 0.04010416666666667 0.6486111111111111 0.03854166666666667 0.663425925925926 0.025 0.711574074074074 0.024479166666666666 0.7319444444444444 0.027604166666666666 0.7587962962962963 0.034375 0.7865740740740741 0.03723958333333333 0.7898148148148149 0.052083333333333336 0.7893518518518519 0.059895833333333336 0.7819444444444444 0.06770833333333333 0.7532407407407408
1 0.08645833333333333 0.725462962962963 0.0890625 0.7050925925925926 0.08802083333333334 0.6810185185185185 0.07916666666666666 0.6375 0.08020833333333334 0.5782407407407407 0.07421875 0.5712962962962963 0.06484375 0.5740740740740741 0.0609375 0.5847222222222223 0.0625 0.6152777777777778 0.059895833333333336 0.6587962962962963 0.0703125 0.7032407407407407 0.07135416666666666 0.7199074074074074 0.06822916666666666 0.750462962962963 0.07135416666666666 0.7541666666666667 0.0796875 0.7476851851851852 0.08645833333333333 0.725462962962963
1 0.10052083333333334 0.6949074074074074 0.10208333333333333 0.6625 0.09322916666666667 0.6282407407407408 0.0953125 0.575462962962963 0.09140625 0.5685185185185185 0.08203125 0.5666666666666667 0.07864583333333333 0.5717592592592593 0.08020833333333334 0.5791666666666667 0.07864583333333333 0.6365740740740741 0.08854166666666667 0.6893518518518519 0.0859375 0.725462962962963 0.09166666666666666 0.725462962962963 0.09479166666666666 0.7217592592592592 0.10052083333333334 0.6949074074074074
1 0.03125 0.6754629629629629 0.030208333333333334 0.6560185185185186 0.020833333333333332 0.625462962962963 0.020833333333333332 0.600462962962963 0.023958333333333335 0.575462962962963 0.016927083333333332 0.5648148148148148 0.007552083333333333 0.5666666666666667 0.003125 0.5782407407407407 0.00625 0.6263888888888889 0.003125 0.6347222222222222 0.0026041666666666665 0.6439814814814815 0.009895833333333333 0.6754629629629629 0.0109375 0.6893518518518519 0.007291666666666667 0.7199074074074074 0.009114583333333334 0.7240740740740741 0.013541666666666667 0.7245370370370371 0.022395833333333334 0.7217592592592592 0.03125 0.6754629629629629
1 0.5223958333333333 0.7587962962962963 0.5177083333333333 0.7217592592592592 0.5083333333333333 0.6902777777777778 0.5083333333333333 0.6606481481481481 0.5125 0.6282407407407408 0.5119791666666667 0.6106481481481482 0.5075520833333333 0.600925925925926 0.49713541666666666 0.5972222222222222 0.4901041666666667 0.6060185185185185 0.48854166666666665 0.6134259259259259 0.49166666666666664 0.6699074074074074 0.48802083333333335 0.7023148148148148 0.4786458333333333 0.7421296296296296 0.47708333333333336 0.7763888888888889 0.4859375 0.8356481481481481 0.48880208333333336 0.8388888888888889 0.5109375 0.8384259259259259 0.5197916666666667 0.8004629629629629 0.5223958333333333 0.7587962962962963
1 0.5645833333333333 0.7828703703703703 0.56875 0.750462962962963 0.5697916666666667 0.7236111111111111 0.5588541666666667 0.6717592592592593 0.5604166666666667 0.600462962962963 0.5559895833333334 0.5898148148148148 0.54921875 0.5879629629629629 0.5432291666666667 0.5976851851851852 0.5411458333333333 0.6069444444444444 0.5432291666666667 0.6708333333333333 0.5328125 0.711574074074074 0.53125 0.7384259259259259 0.5333333333333333 0.7615740740740741 0.5411458333333333 0.7986111111111112 0.5466145833333333 0.8037037037037037 0.5567708333333333 0.8032407407407407 0.5604166666666667 0.7986111111111112 0.5645833333333333 0.7828703703703703
1 0.6020833333333333 0.7402777777777778 0.6036458333333333 0.7041666666666667 0.6020833333333333 0.6837962962962963 0.5953125 0.6467592592592593 0.5973958333333333 0.5921296296296297 0.59296875 0.5824074074074074 0.58671875 0.5805555555555556 0.58359375 0.5824074074074074 0.5791666666666667 0.5939814814814814 0.5807291666666666 0.6513888888888889 0.5723958333333333 0.6856481481481481 0.5703125 0.7069444444444445 0.5713541666666667 0.7273148148148149 0.578125 0.7625 0.5841145833333333 0.7694444444444445 0.5932291666666667 0.7689814814814815 0.5973958333333333 0.7625 0.6020833333333333 0.7402777777777778
1 0.628125 0.7087962962962963 0.6291666666666667 0.6800925925925926 0.6213541666666667 0.6421296296296296 0.6223958333333334 0.5847222222222223 0.61953125 0.5777777777777777 0.61484375 0.575 0.6096354166666667 0.5777777777777777 0.6067708333333334 0.5847222222222223 0.6078125 0.6375 0.6 0.6699074074074074 0.6057291666666667 0.7337962962962963 0.61015625 0.7407407407407407 0.61875 0.7412037037037037 0.6234375 0.7328703703703704 0.628125 0.7087962962962963
1 0.46927083333333336 0.7652777777777777 0.4734375 0.725462962962963 0.46197916666666666 0.6699074074074074 0.4635416666666667 0.5986111111111111 0.4591145833333333 0.5879629629629629 0.4513020833333333 0.5861111111111111 0.44427083333333334 0.5995370370370371 0.44583333333333336 0.6699074074074074 0.4354166666666667 0.7125 0.434375 0.7449074074074075 0.4427083333333333 0.7949074074074074 0.44869791666666664 0.8009259259259259 0.459375 0.8004629629629629 0.4630208333333333 0.7949074074074074 0.46927083333333336 0.7652777777777777
1 0.43020833333333336 0.7458333333333333 0.4348958333333333 0.7134259259259259 0.4348958333333333 0.6930555555555555 0.42552083333333335 0.6486111111111111 0.428125 0.5893518518518519 0.42421875 0.5796296296296296 0.41692708333333334 0.5777777777777777 0.4109375 0.5856481481481481 0.40989583333333335 0.5921296296296297 0.4114583333333333 0.6504629629629629 0.4041666666666667 0.6847222222222222 0.40260416666666665 0.7263888888888889 0.4083333333333333 0.7587962962962963 0.41171875 0.7638888888888888 0.4203125 0.7643518518518518 0.4265625 0.7597222222222222 0.43020833333333336 0.7458333333333333
1 0.4015625 0.7199074074074074 0.40520833333333334 0.6699074074074074 0.39791666666666664 0.6347222222222222 0.39947916666666666 0.5819444444444445 0.39609375 0.5731481481481482 0.3888020833333333 0.5712962962962963 0.38333333333333336 0.5847222222222223 0.3854166666666667 0.6291666666666667 0.3776041666666667 0.6643518518518519 0.37604166666666666 0.6930555555555555 0.38229166666666664 0.7319444444444444 0.3846354166666667 0.7361111111111112 0.3927083333333333 0.7375 0.396875 0.7347222222222223 0.4015625 0.7199074074074074
1 0.48125 0.6754629629629629 0.47291666666666665 0.6347222222222222 0.47552083333333334 0.5856481481481481 0.47109375 0.5740740740740741 0.4669270833333333 0.5722222222222222 0.4627604166666667 0.575 0.4588541666666667 0.5856481481481481 0.46458333333333335 0.6050925925925926 0.46145833333333336 0.6662037037037037 0.4713541666666667 0.7208333333333333 0.475 0.7282407407407407 0.48072916666666665 0.7023148148148148 0.48125 0.6754629629629629
1 0.5411458333333333 0.611574074074074 0.5442708333333334 0.5939814814814814 0.5494791666666666 0.5847222222222223 0.5471354166666667 0.5777777777777777 0.5424479166666667 0.5740740740740741 0.5372395833333333 0.575925925925926 0.5338541666666666 0.5847222222222223 0.5348958333333333 0.6356481481481482 0.5260416666666666 0.6837962962962963 0.5302083333333333 0.7226851851851852 0.5432291666666667 0.6699074074074074 0.5411458333333333 0.611574074074074