1 0.3515625 0.9770833333333333 0.36015625 0.9326388888888889 0.3609375 0.9076388888888889 0.3546875 0.8715277777777778 0.33671875 0.8409722222222222 0.3328125 0.7604166666666666 0.326953125 0.7486111111111111 0.319921875 0.7458333333333333 0.314453125 0.7541666666666667 0.305859375 0.7513888888888889 0.2984375 0.7729166666666667 0.29921875 0.7909722222222222 0.309375 0.8284722222222223 0.31171875 0.8493055555555555 0.30234375 0.8951388888888889 0.3015625 0.9229166666666667 0.3109375 0.9673611111111111 0.327734375 0.9930555555555556 0.33828125 0.9965277777777778 0.345703125 0.9902777777777778 0.3515625 0.9770833333333333
1 0.42421875 0.78125 0.42578125 0.7368055555555556 0.409375 0.6784722222222223 0.41015625 0.61875 0.404296875 0.6069444444444444 0.392578125 0.6069444444444444 0.38515625 0.6270833333333333 0.3921875 0.6770833333333334 0.3921875 0.6979166666666666 0.384375 0.7229166666666667 0.38203125 0.7576388888888889 0.38515625 0.7798611111111111 0.39765625 0.8159722222222222 0.409375 0.8201388888888889 0.41796875 0.8090277777777778 0.42421875 0.78125
1 0.4890625 0.93125 0.4953125 0.8770833333333333 0.49296875 0.8506944444444444 0.48125 0.81875 0.4796875 0.8034722222222223 0.48359375 0.7354166666666667 0.471875 0.7118055555555556 0.471875 0.6756944444444445 0.467578125 0.6694444444444444 0.465625 0.7118055555555556 0.4578125 0.7229166666666667 0.453125 0.7395833333333334 0.459375 0.8034722222222223 0.4578125 0.8201388888888889 0.4453125 0.85625 0.44453125 0.8993055555555556 0.46171875 0.95625 0.4734375 0.9618055555555556 0.48046875 0.9548611111111112 0.4890625 0.93125
1 0.621875 0.8673611111111111 0.6203125 0.8298611111111112 0.6125 0.7951388888888888 0.621875 0.7145833333333333 0.6125 0.6923611111111111 0.612109375 0.6555555555555556 0.60703125 0.6868055555555556 0.59296875 0.7076388888888889 0.5921875 0.7729166666666667 0.58984375 0.7868055555555555 0.5796875 0.80625 0.571875 0.8423611111111111 0.57265625 0.8729166666666667 0.58203125 0.9201388888888888 0.588671875 0.9291666666666667 0.59765625 0.9298611111111111 0.6140625 0.8993055555555556 0.621875 0.8673611111111111
1 0.73828125 0.8395833333333333 0.73828125 0.8090277777777778 0.73359375 0.7826388888888889 0.734375 0.7534722222222222 0.74609375 0.7201388888888889 0.7484375 0.6951388888888889 0.744140625 0.6819444444444445 0.730859375 0.6736111111111112 0.71953125 0.6840277777777778 0.715625 0.7048611111111112 0.71484375 0.7395833333333334 0.71015625 0.7604166666666666 0.6921875 0.7881944444444444 0.68515625 0.8229166666666666 0.6859375 0.8534722222222222 0.69140625 0.8868055555555555 0.698828125 0.8986111111111111 0.7078125 0.9006944444444445 0.7296875 0.8729166666666667 0.73828125 0.8395833333333333
1 0.5328125 0.74375 0.5296875 0.7020833333333333 0.52265625 0.6770833333333334 0.5265625 0.6131944444444445 0.52421875 0.5979166666666667 0.51875 0.5909722222222222 0.517578125 0.55 0.5140625 0.5506944444444445 0.51328125 0.5895833333333333 0.503125 0.60625 0.5046875 0.6770833333333334 0.4953125 0.7006944444444444 0.4921875 0.7229166666666667 0.49296875 0.7493055555555556 0.5 0.7854166666666667 0.505078125 0.7958333333333333 0.5140625 0.7979166666666667 0.52578125 0.7756944444444445 0.5328125 0.74375
1 0.608203125 0.6597222222222222 0.5984375 0.6770833333333334 0.59453125 0.6909722222222222 0.596875 0.6993055555555555 0.60546875 0.6909722222222222 0.608203125 0.6597222222222222
1 0.63359375 0.71875 0.6265625 0.65625 0.63515625 0.5923611111111111 0.630859375 0.5805555555555556 0.619921875 0.5763888888888888 0.6109375 0.5923611111111111 0.61328125 0.6923611111111111 0.621875 0.7118055555555556 0.621875 0.7298611111111111 0.61484375 0.7659722222222223 0.61640625 0.7729166666666667 0.628125 0.7493055555555556 0.63359375 0.71875
1 0.55703125 0.6395833333333333 0.55625 0.6118055555555556 0.55 0.5868055555555556 0.553125 0.5229166666666667 0.5484375 0.5090277777777777 0.5484375 0.48819444444444443 0.545703125 0.48333333333333334 0.54296875 0.5090277777777777 0.534375 0.5229166666666667 0.53515625 0.5729166666666666 0.52734375 0.6006944444444444 0.52421875 0.6465277777777778 0.52734375 0.6756944444444445 0.533203125 0.6875 0.5421875 0.6895833333333333 0.5484375 0.6798611111111111 0.55703125 0.6395833333333333
1 0.46484375 0.6798611111111111 0.46640625 0.6368055555555555 0.465625 0.6145833333333334 0.459375 0.59375 0.4609375 0.5326388888888889 0.453125 0.51875 0.45234375 0.4951388888888889 0.449609375 0.4930555555555556 0.446875 0.51875 0.440625 0.53125 0.44375 0.58125 0.434375 0.6326388888888889 0.434375 0.6618055555555555 0.44453125 0.6993055555555555 0.4546875 0.7034722222222223 0.4609375 0.6951388888888889 0.46484375 0.6798611111111111
1 0.49921875 0.5881944444444445 0.5 0.5604166666666667 0.4921875 0.5229166666666667 0.49296875 0.49236111111111114 0.482421875 0.4875 0.478125 0.49375 0.47890625 0.5229166666666667 0.47265625 0.5423611111111111 0.4703125 0.5784722222222223 0.47734375 0.6145833333333334 0.482421875 0.6208333333333333 0.48828125 0.6201388888888889 0.49375 0.6131944444444445 0.49921875 0.5881944444444445