1 0.41171875 0.4048611111111111 0.403125 0.3701388888888889 0.403125 0.33125 0.396484375 0.3194444444444444 0.39140625 0.3298611111111111 0.39375 0.3729166666666667 0.3859375 0.40347222222222223 0.38515625 0.4201388888888889 0.38828125 0.44375 0.398046875 0.4597222222222222 0.40625 0.45902777777777776 0.4109375 0.4395833333333333 0.41171875 0.4048611111111111
1 0.446597334375 0.4042716986111111 0.440625 0.3659722222222222 0.4411927984375 0.32075773888888887 0.43766810859375005 0.31699960833333335 0.433203503125 0.3140766138888889 0.43038374218750003 0.31449418194444445 0.42734375 0.3215277777777778 0.4296875 0.36319444444444443 0.421875 0.39652777777777776 0.42109375 0.41597222222222224 0.4277989671875 0.45354494027777775 0.43984375 0.4534722222222222 0.446875 0.4284722222222222 0.446597334375 0.4042716986111111
1 0.47890625 0.42986111111111114 0.48203125 0.41180555555555554 0.48203125 0.3923611111111111 0.4734375 0.35625 0.4765625 0.3145833333333333 0.472265625 0.3055555555555556 0.466015625 0.3055555555555556 0.4625 0.31319444444444444 0.4625 0.3326388888888889 0.46484375 0.35625 0.4578125 0.38263888888888886 0.45625 0.40347222222222223 0.45703125 0.4173611111111111 0.4625 0.44375 0.471875 0.44513888888888886 0.47578125 0.4409722222222222 0.47890625 0.42986111111111114
1 0.51484375 0.3909722222222222 0.51171875 0.3659722222222222 0.50625 0.34791666666666665 0.50859375 0.3076388888888889 0.498046875 0.30416666666666664 0.4953125 0.3076388888888889 0.49453125 0.3159722222222222 0.4984375 0.3423611111111111 0.49140625 0.3715277777777778 0.48984375 0.38263888888888886 0.48984375 0.40347222222222223 0.49609375 0.4340277777777778 0.500390625 0.4375 0.50625 0.43680555555555556 0.5109375 0.4284722222222222 0.51484375 0.3909722222222222
1 0.38203125 0.4326388888888889 0.38359375 0.42430555555555555 0.38359375 0.40069444444444446 0.375 0.36319444444444443 0.378125 0.3215277777777778 0.373046875 0.3125 0.369140625 0.3111111111111111 0.36328125 0.32013888888888886 0.365625 0.36319444444444443 0.3578125 0.39791666666666664 0.35703125 0.4131944444444444 0.359375 0.43125 0.36328125 0.4409722222222222 0.36484375 0.45208333333333334 0.37265625 0.4534722222222222 0.37734375 0.45208333333333334 0.38203125 0.4326388888888889
1 0.3546875 0.4131944444444444 0.3546875 0.3951388888888889 0.353125 0.38263888888888886 0.34609375 0.35625 0.3484375 0.31319444444444444 0.345703125 0.30694444444444446 0.337109375 0.30694444444444446 0.334375 0.31319444444444444 0.33671875 0.35625 0.32890625 0.3854166666666667 0.328125 0.40625 0.33046875 0.4270833333333333 0.334375 0.4395833333333333 0.339453125 0.44583333333333336 0.34609375 0.44513888888888886 0.35 0.43680555555555556 0.3546875 0.4131944444444444
1 0.32578125 0.41041666666666665 0.3265625 0.38263888888888886 0.31875 0.34791666666666665 0.3203125 0.3076388888888889 0.308984375 0.30694444444444446 0.30703125 0.3145833333333333 0.309375 0.34930555555555554 0.30234375 0.3770833333333333 0.3015625 0.4048611111111111 0.3078125 0.4326388888888889 0.311328125 0.4375 0.31796875 0.43680555555555556 0.321875 0.42986111111111114 0.32578125 0.41041666666666665
1 0.41640625 0.4270833333333333 0.41875 0.39791666666666664 0.4171875 0.3840277777777778 0.409375 0.35208333333333336 0.4125 0.3145833333333333 0.408203125 0.3055555555555556 0.401953125 0.3055555555555556 0.3984375 0.31180555555555556 0.3984375 0.32013888888888886 0.4015625 0.32569444444444445 0.403125 0.33402777777777776 0.40390625 0.3729166666666667 0.41171875 0.40902777777777777 0.4109375 0.43680555555555556 0.4125 0.4395833333333333 0.41484375 0.4284722222222222 0.41640625 0.4270833333333333
1 0.3890625 0.3909722222222222 0.3890625 0.3840277777777778 0.38125 0.3506944444444444 0.38125 0.32569444444444445 0.3828125 0.3145833333333333 0.38203125 0.3076388888888889 0.379296875 0.3055555555555556 0.369140625 0.30694444444444446 0.36953125 0.31180555555555556 0.373046875 0.3138888888888889 0.3765625 0.3215277777777778 0.375 0.36041666666666666 0.38515625 0.4131944444444444 0.38515625 0.40625 0.3890625 0.3909722222222222
1 0.68984375 0.42569444444444443 0.690625 0.3840277777777778 0.68359375 0.3576388888888889 0.6859375 0.31319444444444444 0.683203125 0.30694444444444446 0.676953125 0.3055555555555556 0.67109375 0.3173611111111111 0.67265625 0.3590277777777778 0.665625 0.3909722222222222 0.665625 0.41597222222222224 0.6703125 0.44375 0.68359375 0.4479166666666667 0.68671875 0.44513888888888886 0.68984375 0.42569444444444443
1 0.653125 0.3840277777777778 0.6453125 0.3506944444444444 0.64765625 0.30625 0.640234375 0.3013888888888889 0.63359375 0.30625 0.63671875 0.34930555555555554 0.6296875 0.3729166666666667 0.628125 0.39652777777777776 0.6328125 0.4354166666666667 0.6453125 0.43819444444444444 0.65078125 0.41875 0.653125 0.3840277777777778
1 0.1453125 0.3770833333333333 0.1375 0.34375 0.1390625 0.30625 0.126171875 0.30416666666666664 0.12421875 0.31319444444444444 0.12734375 0.3423611111111111 0.1203125 0.3770833333333333 0.1203125 0.40347222222222223 0.12578125 0.4326388888888889 0.13828125 0.4354166666666667 0.1453125 0.3923611111111111 0.1453125 0.3770833333333333
1 0.10703125 0.4215277777777778 0.10859375 0.3840277777777778 0.1 0.35208333333333336 0.10234375 0.3076388888888889 0.091796875 0.30277777777777776 0.08671875 0.31180555555555556 0.08984375 0.35625 0.08203125 0.38819444444444445 0.08203125 0.41458333333333336 0.08828125 0.4395833333333333 0.0984375 0.44375 0.103125 0.43819444444444444 0.10703125 0.4215277777777778
1 0.07109375 0.43125 0.071875 0.40069444444444446 0.0625 0.3576388888888889 0.065625 0.3145833333333333 0.055078125 0.30833333333333335 0.04765625 0.3215277777777778 0.0515625 0.35625 0.0453125 0.3854166666666667 0.04453125 0.4270833333333333 0.049609375 0.45 0.0609375 0.45069444444444445 0.0671875 0.44513888888888886 0.07109375 0.43125
1 0.0796875 0.36319444444444443 0.07421875 0.3423611111111111 0.0765625 0.3076388888888889 0.074609375 0.30277777777777776 0.066015625 0.3013888888888889 0.06015625 0.3076388888888889 0.06484375 0.32013888888888886 0.0625 0.36180555555555555 0.06953125 0.38958333333333334 0.071875 0.42569444444444443 0.075 0.4270833333333333 0.08125 0.38819444444444445 0.0796875 0.36319444444444443
0 0.27734375 0.6215277777777778 0.28125 0.60625 0.28046875 0.5826388888888889 0.271484375 0.5569444444444445 0.26263064765625 0.548773073611111 0.250390625 0.5486111111111112 0.244921875 0.5513888888888889 0.23406033515625002 0.5613828097222222 0.22734375 0.5798611111111112 0.2265625 0.6090277777777777 0.232939934375 0.6290771986111111 0.242578125 0.6430555555555556 0.25703125 0.6465277777777778 0.266015625 0.6430555555555556 0.27734375 0.6215277777777778