1 0.26145833333333335 0.9430555555555555 0.26510416666666664 0.9162037037037037 0.265625 0.8893518518518518 0.26197916666666665 0.8578703703703704 0.253125 0.8273148148148148 0.25416666666666665 0.7587962962962963 0.24869791666666666 0.7462962962962963 0.24192708333333332 0.7444444444444445 0.23776041666666667 0.7472222222222222 0.23333333333333334 0.7587962962962963 0.23697916666666666 0.8300925925925926 0.22916666666666666 0.8634259259259259 0.22708333333333333 0.8967592592592593 0.22916666666666666 0.9217592592592593 0.2375 0.9597222222222223 0.24192708333333332 0.9648148148148148 0.2520833333333333 0.9643518518518519 0.2578125 0.9587962962962963 0.26145833333333335 0.9430555555555555
1 0.4479166666666667 0.9467592592592593 0.45364583333333336 0.9180555555555555 0.45625 0.899537037037037 0.45625 0.8726851851851852 0.44427083333333334 0.8106481481481481 0.4473958333333333 0.7699074074074074 0.446875 0.7467592592592592 0.44244791666666666 0.7379629629629629 0.43463541666666666 0.7351851851851852 0.4296875 0.7402777777777778 0.42604166666666665 0.7532407407407408 0.42916666666666664 0.8180555555555555 0.41875 0.8652777777777778 0.41770833333333335 0.8958333333333334 0.4192708333333333 0.9143518518518519 0.4270833333333333 0.9495370370370371 0.4315104166666667 0.9546296296296296 0.44114583333333335 0.9541666666666667 0.44505208333333335 0.9527777777777777 0.4479166666666667 0.9467592592592593
1 0.2890625 0.9356481481481481 0.28802083333333334 0.8791666666666667 0.2921875 0.8476851851851852 0.28229166666666666 0.8097222222222222 0.2838541666666667 0.7439814814814815 0.27890625 0.7342592592592593 0.27109375 0.7324074074074074 0.26588541666666665 0.7379629629629629 0.2630208333333333 0.7467592592592592 0.2671875 0.8097222222222222 0.259375 0.8449074074074074 0.26458333333333334 0.8736111111111111 0.265625 0.8930555555555556 0.2640625 0.9356481481481481 0.26848958333333334 0.9481481481481482 0.2791666666666667 0.9495370370370371 0.28463541666666664 0.9472222222222222 0.2890625 0.9356481481481481
1 0.41770833333333335 0.9143518518518519 0.41770833333333335 0.8726851851851852 0.4197916666666667 0.8495370370370371 0.409375 0.8087962962962963 0.4083333333333333 0.788425925925926 0.4109375 0.7671296296296296 0.4109375 0.7393518518518518 0.40651041666666665 0.7296296296296296 0.39921875 0.7268518518518519 0.390625 0.7384259259259259 0.38958333333333334 0.7523148148148148 0.3932291666666667 0.7773148148148148 0.39375 0.7976851851851852 0.3885416666666667 0.8375 0.39427083333333335 0.8699074074074075 0.39427083333333335 0.8939814814814815 0.390625 0.9310185185185185 0.39505208333333336 0.9425925925925925 0.4088541666666667 0.9430555555555555 0.41302083333333334 0.9384259259259259 0.41770833333333335 0.9143518518518519
1 0.32135416666666666 0.9412037037037037 0.3265625 0.9060185185185186 0.32708333333333334 0.8773148148148148 0.3223958333333333 0.8458333333333333 0.3171875 0.8356481481481481 0.3140625 0.8199074074074074 0.31614583333333335 0.749537037037037 0.3106770833333333 0.7407407407407407 0.30442708333333335 0.7398148148148148 0.2981770833333333 0.7453703703703703 0.29583333333333334 0.7523148148148148 0.2984375 0.8236111111111111 0.29270833333333335 0.8439814814814814 0.28854166666666664 0.8763888888888889 0.28802083333333334 0.9013888888888889 0.29010416666666666 0.9217592592592593 0.29791666666666666 0.9550925925925926 0.30182291666666666 0.9601851851851851 0.31197916666666664 0.9597222222222223 0.3177083333333333 0.9550925925925926 0.32135416666666666 0.9412037037037037
1 0.35625 0.9078703703703703 0.3578125 0.8569444444444444 0.3546875 0.8337962962962963 0.346875 0.8050925925925926 0.35 0.7421296296296296 0.34817708333333336 0.7361111111111112 0.34140625 0.7296296296296296 0.33307291666666666 0.7333333333333333 0.32916666666666666 0.7439814814814815 0.33229166666666665 0.7986111111111112 0.33177083333333335 0.8097222222222222 0.3260416666666667 0.8300925925925926 0.32395833333333335 0.8578703703703704 0.32708333333333334 0.8819444444444444 0.3260416666666667 0.9189814814814815 0.32864583333333336 0.9356481481481481 0.33307291666666666 0.9444444444444444 0.3458333333333333 0.9458333333333333 0.35 0.9402777777777778 0.35625 0.9078703703703703
1 0.39010416666666664 0.9300925925925926 0.39427083333333335 0.8800925925925925 0.39375 0.8652777777777778 0.3828125 0.8097222222222222 0.3854166666666667 0.7532407407407408 0.38333333333333336 0.7439814814814815 0.3768229166666667 0.7342592592592593 0.3684895833333333 0.7398148148148148 0.3651041666666667 0.7476851851851852 0.36770833333333336 0.8134259259259259 0.3651041666666667 0.8337962962962963 0.35833333333333334 0.8532407407407407 0.3567708333333333 0.9078703703703703 0.365625 0.9495370370370371 0.3690104166666667 0.9546296296296296 0.38125 0.9550925925925926 0.38645833333333335 0.9476851851851852 0.39010416666666664 0.9300925925925926
1 0.31744791666666666 0.8046296296296296 0.31354166666666666 0.8087962962962963 0.3140625 0.8226851851851852 0.3223958333333333 0.8495370370370371 0.325 0.8356481481481481 0.31744791666666666 0.8046296296296296
1 0.3138020833333333 0.725 0.3065104166666667 0.7203703703703703 0.2984375 0.7282407407407407 0.29635416666666664 0.7384259259259259 0.2981770833333333 0.7462962962962963 0.3033854166666667 0.7407407407407407 0.30911458333333336 0.7407407407407407 0.31640625 0.7490740740740741 0.3182291666666667 0.7550925925925925 0.3171875 0.7337962962962963 0.3138020833333333 0.725
1 0.34921875 0.7851851851851852 0.34739583333333335 0.7930555555555555 0.34791666666666665 0.8097222222222222 0.353125 0.8310185185185185 0.3572916666666667 0.8356481481481481 0.3578125 0.8217592592592593 0.34921875 0.7851851851851852
1 0.34869791666666666 0.7166666666666667 0.3419270833333333 0.7101851851851851 0.3333333333333333 0.7162037037037037 0.3302083333333333 0.725462962962963 0.33098958333333334 0.7324074074074074 0.34348958333333335 0.7305555555555555 0.34791666666666665 0.7347222222222223 0.3494791666666667 0.7439814814814815 0.3515625 0.725462962962963 0.34869791666666666 0.7166666666666667
1 0.36770833333333336 0.8171296296296297 0.365625 0.7476851851851852 0.37265625 0.737037037037037 0.37734375 0.737037037037037 0.38046875 0.7416666666666667 0.38229166666666664 0.7393518518518518 0.3807291666666667 0.7263888888888889 0.37421875 0.7194444444444444 0.36484375 0.7240740740740741 0.3609375 0.7375 0.3609375 0.7597222222222222 0.36302083333333335 0.7662037037037037 0.3645833333333333 0.7967592592592593 0.35625 0.8356481481481481 0.35572916666666665 0.8439814814814814 0.3578125 0.850462962962963 0.3625 0.8439814814814814 0.36770833333333336 0.8171296296296297