1 0.4578125 0.6893518518518519 0.4453125 0.6282407407407408 0.4484375 0.5949074074074074 0.4479166666666667 0.5717592592592593 0.44296875 0.5592592592592592 0.43515625 0.5583333333333333 0.43020833333333336 0.5643518518518519 0.4276041666666667 0.575462962962963 0.43125 0.6282407407407408 0.4296875 0.6430555555555556 0.42083333333333334 0.6763888888888889 0.4192708333333333 0.6949074074074074 0.42265625 0.6990740740740741 0.4510416666666667 0.6986111111111111 0.45651041666666664 0.6981481481481482 0.4578125 0.6893518518518519
1 0.41770833333333335 0.6921296296296297 0.4166666666666667 0.6578703703703703 0.4083333333333333 0.6208333333333333 0.40989583333333335 0.5625 0.40390625 0.5518518518518518 0.39557291666666666 0.5537037037037037 0.39166666666666666 0.5643518518518519 0.39375 0.6208333333333333 0.3890625 0.6421296296296296 0.3854166666666667 0.674537037037037 0.3854166666666667 0.6967592592592593 0.39947916666666666 0.6995370370370371 0.41328125 0.6990740740740741 0.41770833333333335 0.6921296296296297
1 0.38697916666666665 0.6412037037037037 0.37916666666666665 0.6097222222222223 0.38125 0.5587962962962963 0.3768229166666667 0.5472222222222223 0.37213541666666666 0.5462962962962963 0.3645833333333333 0.5569444444444445 0.36614583333333334 0.611574074074074 0.35885416666666664 0.6458333333333334 0.35833333333333334 0.6671296296296296 0.36302083333333335 0.6976851851851852 0.37604166666666666 0.6995370370370371 0.38385416666666666 0.6967592592592593 0.38697916666666665 0.6412037037037037
1 0.5026041666666666 0.6902777777777778 0.4973958333333333 0.6560185185185186 0.4942708333333333 0.6504629629629629 0.4895833333333333 0.6282407407407408 0.49166666666666664 0.5717592592592593 0.48723958333333334 0.5601851851851852 0.47942708333333334 0.5583333333333333 0.4734375 0.5699074074074074 0.47604166666666664 0.6282407407407408 0.46770833333333334 0.6643518518518519 0.4661458333333333 0.6949074074074074 0.4669270833333333 0.6981481481481482 0.484375 0.6986111111111111 0.49973958333333335 0.6981481481481482 0.5026041666666666 0.6902777777777778
1 0.5520833333333334 0.6949074074074074 0.5526041666666667 0.6875 0.5505208333333333 0.6717592592592593 0.5421875 0.6412037037037037 0.54375 0.5717592592592593 0.53984375 0.5611111111111111 0.53203125 0.5574074074074075 0.5244791666666667 0.5717592592592593 0.5239583333333333 0.5902777777777778 0.5270833333333333 0.6328703703703704 0.5177083333333333 0.6680555555555555 0.5151041666666667 0.6949074074074074 0.5169270833333334 0.6981481481481482 0.5354166666666667 0.6976851851851852 0.5497395833333333 0.6972222222222222 0.5520833333333334 0.6949074074074074
1 0.5729427083333333 0.5747314814814816 0.00016666666666675193 0.0008518518518519192
1 0.5848958333333333 0.6819444444444445 0.5807291666666666 0.6421296296296296 0.5755208333333334 0.6217592592592592 0.5776041666666667 0.5671296296296297 0.5731770833333333 0.5527777777777778 0.5653645833333333 0.5509259259259259 0.5609375 0.5560185185185185 0.559375 0.5625 0.5609375 0.6226851851851852 0.5526041666666667 0.6625 0.5526041666666667 0.6884259259259259 0.55546875 0.6962962962962963 0.58125 0.6958333333333333 0.584375 0.6921296296296297 0.5848958333333333 0.6819444444444445
1 0.596234375 0.6082222222222222 0.0005885416666667235 0.0011666666666666583
1 0.609375 0.6837962962962963 0.6109375 0.6504629629629629 0.6083333333333333 0.6282407407407408 0.6026041666666667 0.6087962962962963 0.6036458333333333 0.5560185185185185 0.6002604166666666 0.5472222222222223 0.5950520833333334 0.5453703703703704 0.5924479166666666 0.5462962962962963 0.5880208333333333 0.5578703703703703 0.590625 0.6078703703703704 0.584375 0.6291666666666667 0.5828125 0.6569444444444444 0.5859375 0.6921296296296297 0.58828125 0.6953703703703704 0.6036458333333333 0.6958333333333333 0.6072916666666667 0.6930555555555555 0.609375 0.6837962962962963
1 0.4640625 0.6532407407407408 0.46197916666666666 0.6347222222222222 0.4552083333333333 0.6069444444444444 0.45729166666666665 0.5578703703703703 0.45234375 0.5462962962962963 0.4466145833333333 0.5453703703703704 0.44114583333333335 0.5569444444444445 0.446875 0.5689814814814815 0.4479166666666667 0.5763888888888888 0.44479166666666664 0.6236111111111111 0.446875 0.6412037037037037 0.4546875 0.6699074074074074 0.45729166666666665 0.6921296296296297 0.459375 0.6949074074074074 0.4635416666666667 0.6736111111111112 0.4640625 0.6532407407407408
1 0.5265625 0.6347222222222222 0.5270833333333333 0.6171296296296296 0.5239583333333333 0.5763888888888888 0.5307291666666667 0.5560185185185185 0.52578125 0.5453703703703704 0.51796875 0.5481481481481482 0.515625 0.5560185185185185 0.5166666666666667 0.6087962962962963 0.5083333333333333 0.6541666666666667 0.5104166666666666 0.6837962962962963 0.5145833333333333 0.6939814814814815 0.5182291666666666 0.6671296296296296 0.5265625 0.6347222222222222
1 0.0421875 0.736574074074074 0.04375 0.7152777777777778 0.041666666666666664 0.6819444444444445 0.029166666666666667 0.6430555555555556 0.0296875 0.6143518518518518 0.0328125 0.5949074074074074 0.03229166666666667 0.5763888888888888 0.02890625 0.5666666666666667 0.020052083333333335 0.5611111111111111 0.01015625 0.5675925925925925 0.005729166666666666 0.5800925925925926 0.009895833333333333 0.6421296296296296 0 0.6865740740740741 0.0010416666666666667 0.7541666666666667 0.009635416666666667 0.7787037037037037 0.0171875 0.7800925925925926 0.033854166666666664 0.7708333333333334 0.0421875 0.736574074074074
1 0.0546875 0.7328703703703704 0.06197916666666667 0.6967592592592593 0.06197916666666667 0.6782407407407407 0.05572916666666667 0.6421296296296296 0.05 0.6217592592592592 0.050520833333333334 0.5625 0.047135416666666666 0.5555555555555556 0.038802083333333334 0.5546296296296296 0.03463541666666667 0.5574074074074075 0.03125 0.5652777777777778 0.03333333333333333 0.6171296296296296 0.030729166666666665 0.6449074074074074 0.042708333333333334 0.6847222222222222 0.044270833333333336 0.7078703703703704 0.04114583333333333 0.7393518518518518 0.044270833333333336 0.7412037037037037 0.05130208333333333 0.7388888888888889 0.0546875 0.7328703703703704
1 0.075 0.6421296296296296 0.06510416666666667 0.6106481481481482 0.06614583333333333 0.5578703703703703 0.06276041666666667 0.5509259259259259 0.05286458333333333 0.55 0.049479166666666664 0.5560185185185185 0.051041666666666666 0.5652777777777778 0.050520833333333334 0.6208333333333333 0.06145833333333333 0.6726851851851852 0.06197916666666667 0.6921296296296297 0.059895833333333336 0.7069444444444445 0.062239583333333334 0.7111111111111111 0.0671875 0.7106481481481481 0.075 0.6773148148148148 0.075 0.6421296296296296
1 0.134375 0.7180555555555556 0.14114583333333333 0.6717592592592593 0.14166666666666666 0.6532407407407408 0.14010416666666667 0.6430555555555556 0.13385416666666666 0.6273148148148148 0.13541666666666666 0.5708333333333333 0.1328125 0.5597222222222222 0.12578125 0.5537037037037037 0.11692708333333333 0.5583333333333333 0.11354166666666667 0.5680555555555555 0.11614583333333334 0.6273148148148148 0.10677083333333333 0.663425925925926 0.10520833333333333 0.6939814814814815 0.1140625 0.7375 0.11796875 0.7425925925925926 0.12604166666666666 0.7421296296296296 0.13020833333333334 0.736574074074074 0.134375 0.7180555555555556
2 0.2986979166666667 0.7851851851851852 0.30494791666666665 0.7805555555555556 0.3966145833333333 0.7814814814814814 0.4700520833333333 0.7768518518518519 0.65703125 0.7768518518518519 0.6627604166666666 0.7796296296296297 0.6674479166666667 0.7935185185185185 0.6825520833333333 0.8138888888888889 0.69921875 0.8185185185185185 0.7065104166666667 0.8166666666666667 0.7182291666666667 0.8050925925925926 0.7260416666666667 0.7810185185185186 0.7260416666666667 0.7662037037037037 0.7158854166666667 0.7564814814814815 0.6955729166666667 0.7546296296296297 0.690625 0.7041666666666667 0.68671875 0.6972222222222222 0.58046875 0.6981481481481482 0.5705729166666667 0.700925925925926 0.54921875 0.6981481481481482 0.53828125 0.7018518518518518 0.50078125 0.7 0.48828125 0.7027777777777777 0.45598958333333334 0.7 0.4434895833333333 0.7027777777777777 0.2747395833333333 0.7027777777777777 0.2703125 0.7078703703703704 0.26614583333333336 0.7541666666666667 0.26328125 0.7611111111111111 0.23932291666666666 0.7620370370370371 0.23567708333333334 0.7648148148148148 0.23229166666666667 0.774537037037037 0.2328125 0.7939814814814815 0.23776041666666667 0.8092592592592592 0.25338541666666664 0.825 0.26666666666666666 0.825462962962963 0.28098958333333335 0.8175925925925925 0.2986979166666667 0.7851851851851852