1 0.51875 0.8412037037037037 0.5244791666666667 0.8050925925925926 0.5260416666666666 0.7810185185185186 0.521875 0.7402777777777778 0.5171875 0.7337962962962963 0.5125 0.7078703703703704 0.5119791666666667 0.674537037037037 0.5161458333333333 0.6439814814814815 0.5161458333333333 0.6263888888888889 0.51328125 0.6222222222222222 0.5018229166666667 0.6212962962962963 0.49557291666666664 0.6222222222222222 0.49270833333333336 0.6263888888888889 0.4947916666666667 0.6912037037037037 0.49166666666666664 0.7208333333333333 0.48125 0.7671296296296296 0.48125 0.7921296296296296 0.4822916666666667 0.8106481481481481 0.49114583333333334 0.8587962962962963 0.4981770833333333 0.8657407407407407 0.5072916666666667 0.8652777777777778 0.5145833333333333 0.8578703703703704 0.51875 0.8412037037037037
1 0.475 0.7671296296296296 0.47604166666666664 0.7393518518518518 0.46510416666666665 0.6837962962962963 0.46822916666666664 0.6282407407407408 0.46432291666666664 0.6222222222222222 0.45338541666666665 0.6222222222222222 0.4484375 0.6263888888888889 0.45 0.6847222222222222 0.4401041666666667 0.7245370370370371 0.43854166666666666 0.7597222222222222 0.44635416666666666 0.8097222222222222 0.4513020833333333 0.8166666666666667 0.46145833333333336 0.8171296296296297 0.46770833333333334 0.8078703703703703 0.475 0.7671296296296296
1 0.4322916666666667 0.7717592592592593 0.4375 0.7421296296296296 0.4390625 0.7180555555555556 0.43697916666666664 0.6949074074074074 0.4296875 0.663425925925926 0.43125 0.625462962962963 0.42942708333333335 0.6222222222222222 0.41901041666666666 0.6222222222222222 0.415625 0.625462962962963 0.415625 0.6689814814814815 0.4078125 0.6995370370370371 0.40625 0.7384259259259259 0.41302083333333334 0.7763888888888889 0.41796875 0.7814814814814814 0.425 0.7810185185185186 0.4283854166666667 0.7796296296296297 0.4322916666666667 0.7717592592592593
1 0.40520833333333334 0.736574074074074 0.409375 0.6828703703703703 0.40208333333333335 0.6541666666666667 0.40260416666666665 0.6273148148148148 0.40078125 0.6231481481481481 0.3924479166666667 0.6222222222222222 0.38958333333333334 0.6263888888888889 0.3890625 0.6513888888888889 0.38125 0.6847222222222222 0.3802083333333333 0.7087962962962963 0.3859375 0.7476851851851852 0.3893229166666667 0.7527777777777778 0.39791666666666664 0.7532407407407408 0.40208333333333335 0.749537037037037 0.40520833333333334 0.736574074074074
1 0.5713541666666667 0.7810185185185186 0.5729166666666666 0.736574074074074 0.5697916666666667 0.7152777777777778 0.5619791666666667 0.6902777777777778 0.5640625 0.6236111111111111 0.5497395833333333 0.6212962962962963 0.5447916666666667 0.6263888888888889 0.5463541666666667 0.6921296296296297 0.5359375 0.7347222222222223 0.5354166666666667 0.7606481481481482 0.5375 0.7819444444444444 0.5447916666666667 0.8162037037037037 0.5497395833333333 0.8194444444444444 0.5598958333333334 0.8189814814814815 0.5651041666666666 0.8125 0.5713541666666667 0.7810185185185186
1 0.6020833333333333 0.7754629629629629 0.6078125 0.7347222222222223 0.60625 0.7050925925925926 0.5989583333333334 0.6717592592592593 0.6005208333333333 0.625462962962963 0.59609375 0.6203703703703703 0.5838541666666667 0.6226851851851852 0.5838541666666667 0.6763888888888889 0.5802083333333333 0.6847222222222222 0.575 0.7152777777777778 0.575 0.7356481481481482 0.58125 0.7763888888888889 0.58515625 0.7851851851851852 0.59375 0.7865740740740741 0.59921875 0.7833333333333333 0.6020833333333333 0.7754629629629629
1 0.6317708333333333 0.7282407407407407 0.6328125 0.6939814814814815 0.6244791666666667 0.6560185185185186 0.6244791666666667 0.6217592592592592 0.6143229166666667 0.6203703703703703 0.6114583333333333 0.6263888888888889 0.6114583333333333 0.6569444444444444 0.6052083333333333 0.6828703703703703 0.6046875 0.6930555555555555 0.6098958333333333 0.7476851851851852 0.61484375 0.7574074074074074 0.6223958333333334 0.7569444444444444 0.628125 0.7476851851851852 0.6317708333333333 0.7282407407407407
1 0.06927083333333334 0.7912037037037037 0.075 0.7671296296296296 0.078125 0.7402777777777778 0.078125 0.7226851851851852 0.075 0.7041666666666667 0.0671875 0.6717592592592593 0.06328125 0.6657407407407407 0.0421875 0.6930555555555555 0.034895833333333334 0.7189814814814814 0.03229166666666667 0.7421296296296296 0.034895833333333334 0.7708333333333334 0.041666666666666664 0.799537037037037 0.04505208333333333 0.8037037037037037 0.05572916666666667 0.8032407407407407 0.06484375 0.8 0.06927083333333334 0.7912037037037037
1 0.09479166666666666 0.7263888888888889 0.09427083333333333 0.6958333333333333 0.08697916666666666 0.6560185185185186 0.08697916666666666 0.6273148148148148 0.08359375 0.6231481481481481 0.07786458333333333 0.6259259259259259 0.07239583333333334 0.6356481481481482 0.0671875 0.6699074074074074 0.078125 0.7226851851851852 0.075 0.7671296296296296 0.08072916666666667 0.7680555555555556 0.08645833333333333 0.7625 0.09479166666666666 0.7263888888888889
1 0.1078125 0.7060185185185185 0.10885416666666667 0.674537037037037 0.1 0.6402777777777777 0.09895833333333333 0.6217592592592592 0.09348958333333333 0.6212962962962963 0.08697916666666666 0.6263888888888889 0.08645833333333333 0.6504629629629629 0.09427083333333333 0.6967592592592593 0.09479166666666666 0.7263888888888889 0.0921875 0.7393518518518518 0.0984375 0.7402777777777778 0.10260416666666666 0.7310185185185185 0.1078125 0.7060185185185185
1 0.16145833333333334 0.7560185185185185 0.17135416666666667 0.6949074074074074 0.17135416666666667 0.6856481481481481 0.16510416666666666 0.6587962962962963 0.16458333333333333 0.625462962962963 0.16223958333333333 0.6222222222222222 0.14791666666666667 0.624537037037037 0.1484375 0.6560185185185186 0.13854166666666667 0.6902777777777778 0.13541666666666666 0.7152777777777778 0.1359375 0.7310185185185185 0.14270833333333333 0.7671296296296296 0.14609375 0.7722222222222223 0.1546875 0.7717592592592593 0.15833333333333333 0.7680555555555556 0.16145833333333334 0.7560185185185185
2 1 0.5180555555555556 0.99375 0.5032407407407408 0.99375 0.49583333333333335 0.9880208333333333 0.48564814814814816 0.9817708333333334 0.4476851851851852 0.9768229166666667 0.44074074074074077 0.96015625 0.43333333333333335 0.91953125 0.4351851851851852 0.82734375 0.42962962962962964 0.82109375 0.43425925925925923 0.7690104166666667 0.4361111111111111 0.27578125 0.4462962962962963 0.16067708333333333 0.4444444444444444 0.13359375 0.44814814814814813 0.031510416666666666 0.44907407407407407 0.02421875 0.4527777777777778 0.02109375 0.45925925925925926 0.009895833333333333 0.46805555555555556 0.013541666666666667 0.475462962962963 0.008333333333333333 0.48194444444444445 0.008333333333333333 0.48842592592592593 0.004166666666666667 0.4949074074074074 0.0078125 0.5023148148148148 0 0.5097222222222222 0.00026041666666666666 0.7138888888888889 0.009114583333333334 0.712037037037037 0.010416666666666666 0.7041666666666667 0.0171875 0.6976851851851852 0.015625 0.6902777777777778 0.019270833333333334 0.6791666666666667 0.0375 0.6523148148148148 0.042708333333333334 0.6347222222222222 0.046614583333333334 0.6333333333333333 0.05651041666666667 0.6111111111111112 0.061197916666666664 0.6083333333333333 0.07682291666666667 0.6185185185185185 0.10026041666666667 0.6166666666666667 0.14088541666666668 0.6212962962962963 0.15078125 0.6166666666666667 0.17682291666666666 0.6203703703703703 0.18046875 0.6175925925925926 0.38515625 0.6203703703703703 0.39401041666666664 0.6166666666666667 0.43046875 0.6166666666666667 0.43671875 0.6194444444444445 0.45807291666666666 0.6157407407407407 0.48203125 0.6185185185185185 0.5075520833333333 0.6157407407407407 0.5341145833333333 0.6203703703703703 0.5440104166666667 0.6157407407407407 0.5809895833333333 0.6185185185185185 0.5919270833333333 0.6138888888888889 0.63828125 0.6175925925925926 0.90234375 0.6148148148148148 0.9221354166666667 0.6046296296296296 0.9260416666666667 0.6069444444444444 0.928125 0.6217592592592592 0.9338541666666667 0.6291666666666667 0.9359375 0.6365740740740741 0.9578125 0.6699074074074074 0.959375 0.6902777777777778 0.9622395833333334 0.6953703703703704 0.9794270833333333 0.7129629629629629 1 0.7162037037037037 1 0.5180555555555556