1 0.45078125 0.33541666666666664 0.440625 0.2743055555555556 0.44296875 0.22013888888888888 0.439453125 0.2111111111111111 0.432421875 0.20972222222222223 0.425 0.22430555555555556 0.428125 0.27291666666666664 0.41875 0.3173611111111111 0.41796875 0.3423611111111111 0.42578125 0.38680555555555557 0.4421875 0.38958333333333334 0.44921875 0.36319444444444443 0.45078125 0.33541666666666664
1 0.40625 0.33958333333333335 0.40234375 0.3076388888888889 0.39609375 0.28680555555555554 0.3953125 0.23680555555555555 0.3921875 0.22291666666666668 0.387109375 0.22083333333333333 0.3796875 0.2326388888888889 0.3828125 0.2881944444444444 0.37421875 0.3229166666666667 0.3734375 0.36319444444444443 0.380859375 0.4 0.396875 0.40069444444444446 0.4046875 0.38263888888888886 0.40625 0.33958333333333335
1 0.3703125 0.3284722222222222 0.359375 0.2798611111111111 0.3609375 0.22152777777777777 0.356640625 0.2111111111111111 0.349609375 0.2111111111111111 0.34375 0.22291666666666668 0.34765625 0.2743055555555556 0.33828125 0.3145833333333333 0.33671875 0.33541666666666664 0.3453125 0.38680555555555557 0.36015625 0.38958333333333334 0.36875 0.36319444444444443 0.3703125 0.3284722222222222
1 0.3359375 0.32013888888888886 0.32421875 0.2673611111111111 0.3265625 0.21041666666666667 0.316015625 0.20277777777777778 0.309375 0.21458333333333332 0.31328125 0.2659722222222222 0.303125 0.3090277777777778 0.303125 0.33819444444444446 0.3109375 0.37569444444444444 0.314453125 0.38055555555555554 0.32578125 0.3798611111111111 0.334375 0.3451388888888889 0.3359375 0.32013888888888886
1 0.3015625 0.3159722222222222 0.290625 0.2520833333333333 0.29453125 0.20902777777777778 0.292578125 0.2013888888888889 0.278515625 0.2013888888888889 0.2765625 0.21597222222222223 0.2796875 0.25763888888888886 0.2703125 0.29375 0.26953125 0.32430555555555557 0.2765625 0.3645833333333333 0.279296875 0.36944444444444446 0.290625 0.3701388888888889 0.29765625 0.34791666666666665 0.3015625 0.3159722222222222
1 0.49453125 0.34652777777777777 0.49609375 0.3159722222222222 0.48515625 0.26458333333333334 0.4875 0.2076388888888889 0.483203125 0.2013888888888889 0.476171875 0.2013888888888889 0.47109375 0.21041666666666667 0.4734375 0.2673611111111111 0.4640625 0.3090277777777778 0.4640625 0.3368055555555556 0.47109375 0.37569444444444444 0.484375 0.3798611111111111 0.48828125 0.3770833333333333 0.49453125 0.34652777777777777
1 0.5375 0.33125 0.53828125 0.29791666666666666 0.528125 0.2548611111111111 0.53046875 0.20347222222222222 0.515234375 0.2 0.51328125 0.21597222222222223 0.5171875 0.2548611111111111 0.50703125 0.29930555555555555 0.5078125 0.3298611111111111 0.515625 0.3659722222222222 0.52890625 0.36736111111111114 0.5328125 0.36180555555555555 0.5375 0.33125
1 0.46015625 0.30486111111111114 0.45 0.2590277777777778 0.45234375 0.20347222222222222 0.438671875 0.2013888888888889 0.43671875 0.2048611111111111 0.4421875 0.21180555555555555 0.44375 0.22569444444444445 0.440625 0.27152777777777776 0.44921875 0.3145833333333333 0.4515625 0.36319444444444443 0.46015625 0.32708333333333334 0.46015625 0.30486111111111114
1 0.4125 0.2923611111111111 0.40625 0.27291666666666664 0.4078125 0.21319444444444444 0.404296875 0.20416666666666666 0.397265625 0.2013888888888889 0.3921875 0.2076388888888889 0.390625 0.22013888888888888 0.39609375 0.24375 0.3953125 0.28125 0.40546875 0.3284722222222222 0.40390625 0.3770833333333333 0.40859375 0.3784722222222222 0.41640625 0.3215277777777778 0.4125 0.2923611111111111
1 0.37109375 0.2590277777777778 0.3734375 0.2048611111111111 0.359765625 0.2013888888888889 0.35625 0.20902777777777778 0.36171875 0.2298611111111111 0.359375 0.27708333333333335 0.3734375 0.33819444444444446 0.37890625 0.3020833333333333 0.37109375 0.2590277777777778
1 0.0703125 0.3729166666666667 0.07421875 0.33819444444444446 0.0734375 0.3020833333333333 0.06484375 0.2659722222222222 0.06484375 0.20902777777777778 0.061328125 0.20416666666666666 0.053515625 0.20555555555555555 0.0484375 0.21458333333333332 0.05078125 0.27291666666666664 0.04453125 0.3104166666666667 0.04765625 0.3701388888888889 0.051171875 0.38055555555555554 0.05625 0.38125 0.063671875 0.38055555555555554 0.0703125 0.3729166666666667
1 0.02265625 0.3770833333333333 0.02109375 0.31875 0.01640625 0.28125 0.01796875 0.23680555555555555 0.01640625 0.21597222222222223 0.007421875 0.2111111111111111 0.002734375 0.21388888888888888 0 0.22430555555555556 0.00234375 0.2673611111111111 0 0.3784722222222222 0.002734375 0.3902777777777778 0.015625 0.3909722222222222 0.02109375 0.3854166666666667 0.02265625 0.3770833333333333
1 0.0390625 0.35625 0.04140625 0.3076388888888889 0.0389537390625 0.27976581805555556 0.0328125 0.2590277777777778 0.034825445312499995 0.22902378055555556 0.03359375 0.20347222222222222 0.019921875 0.2 0.01640625 0.21041666666666667 0.02140843359375 0.24491888750000002 0.017280140625000003 0.2809885138888889 0.02265625 0.36180555555555555 0.02890625 0.36875 0.035546875 0.36666666666666664 0.0390625 0.35625
1 0.11953125 0.3215277777777778 0.11807959531250001 0.2815998625 0.1140625 0.2590277777777778 0.11484375 0.22013888888888888 0.111328125 0.2013888888888889 0.102734375 0.2 0.09609375 0.2076388888888889 0.096405996875 0.2326918888888889 0.1 0.2590277777777778 0.09375 0.28541666666666665 0.0921875 0.3215277777777778 0.09921875 0.3645833333333333 0.102734375 0.36944444444444446 0.1125 0.36875 0.1171875 0.36041666666666666 0.11953125 0.3215277777777778
0 0.17265625 0.6479166666666667 0.18046875 0.6076388888888888 0.17734375 0.5826388888888889 0.163671875 0.5597222222222222 0.141015625 0.5513888888888889 0.130078125 0.5569444444444445 0.1140625 0.5798611111111112 0.10859375 0.6215277777777778 0.11171875 0.6368055555555555 0.124609375 0.6625 0.137890625 0.6736111111111112 0.14921875 0.6743055555555556 0.159765625 0.6680555555555555 0.17265625 0.6479166666666667