1 0.40208333333333335 0.4513888888888889 0.4036458333333333 0.4310185185185185 0.39895833333333336 0.4041666666666667 0.3958333333333333 0.3976851851851852 0.3984375 0.36527777777777776 0.3966145833333333 0.3611111111111111 0.39088541666666665 0.36018518518518516 0.3875 0.36342592592592593 0.38645833333333335 0.36898148148148147 0.38958333333333334 0.3976851851851852 0.3828125 0.42268518518518516 0.38229166666666664 0.4439814814814815 0.38697916666666665 0.4699074074074074 0.3893229166666667 0.47314814814814815 0.39479166666666665 0.4726851851851852 0.39739583333333334 0.4699074074074074 0.40208333333333335 0.4513888888888889
1 0.4265625 0.44675925925925924 0.42604166666666665 0.43287037037037035 0.41875 0.40046296296296297 0.42083333333333334 0.36898148148148147 0.41901041666666666 0.3638888888888889 0.41484375 0.36203703703703705 0.41171875 0.362962962962963 0.4088541666666667 0.37083333333333335 0.4114583333333333 0.4060185185185185 0.40729166666666666 0.41805555555555557 0.40520833333333334 0.449537037037037 0.409375 0.47453703703703703 0.4122395833333333 0.47962962962962963 0.4171875 0.4791666666666667 0.4203125 0.475462962962963 0.4265625 0.44675925925925924
1 0.45 0.4587962962962963 0.4486898015625 0.4414156194444444 0.44319494062500003 0.4176157657407408 0.44427083333333334 0.39490740740740743 0.4411343765625 0.3718467916666667 0.43515625 0.36944444444444446 0.4322916666666667 0.3763888888888889 0.4322916666666667 0.3902777777777778 0.4354166666666667 0.40879629629629627 0.428125 0.4412037037037037 0.4276041666666667 0.4532407407407407 0.43333333333333335 0.48194444444444445 0.4359375 0.48564814814814816 0.44583333333333336 0.48009259259259257 0.45 0.4587962962962963
1 0.503125 0.4550925925925926 0.503125 0.4449074074074074 0.49583333333333335 0.4050925925925926 0.4964263328125 0.3901543851851852 0.49608291666666665 0.3742877953703704 0.49127491093750003 0.36513400925925926 0.48541666666666666 0.37453703703703706 0.4875 0.41064814814814815 0.48072916666666665 0.43842592592592594 0.48125 0.4615740740740741 0.48489583333333336 0.47824074074074074 0.48932291666666666 0.4842592592592593 0.4947916666666667 0.4837962962962963 0.4979166666666667 0.4791666666666667 0.503125 0.4550925925925926
1 0.5296875 0.46064814814814814 0.5307291666666667 0.4310185185185185 0.5239583333333333 0.40324074074074073 0.5255208333333333 0.3680555555555556 0.5231770833333333 0.36203703703703705 0.5184895833333333 0.3611111111111111 0.5145833333333333 0.3680555555555556 0.5161458333333333 0.40694444444444444 0.5098958333333333 0.43194444444444446 0.509375 0.44675925925925924 0.5140625 0.47175925925925927 0.51796875 0.4777777777777778 0.5213541666666667 0.4773148148148148 0.5260416666666666 0.47453703703703703 0.5296875 0.46064814814814814
1 0.5572916666666666 0.4199074074074074 0.5536458333333333 0.40046296296296297 0.5510416666666667 0.3976851851851852 0.5541666666666667 0.36157407407407405 0.5450520833333333 0.3592592592592593 0.5432291666666667 0.3625 0.5432291666666667 0.3736111111111111 0.5463541666666667 0.39305555555555555 0.5411458333333333 0.4097222222222222 0.5385416666666667 0.43472222222222223 0.5442708333333334 0.46805555555555556 0.553125 0.4689814814814815 0.5583333333333333 0.44027777777777777 0.5572916666666666 0.4199074074074074
1 0.4739583333333333 0.46805555555555556 0.47238634791666667 0.45606168611111114 0.4713561005208333 0.4365335907407407 0.4662046552083333 0.4231080259259259 0.4679218036458333 0.40052867407407405 0.46448750677083334 0.379169825 0.46036637812500003 0.37672882037037037 0.45625 0.3800925925925926 0.45729166666666665 0.41898148148148145 0.4505208333333333 0.4513888888888889 0.4505208333333333 0.4671296296296296 0.4546875 0.48842592592592593 0.45807291666666666 0.4925925925925926 0.46510416666666665 0.49212962962962964 0.4671875 0.4912037037037037 0.4739583333333333 0.46805555555555556
1 0.44800294687500003 0.4353130879629629 0.45040695 0.45301043148148146 0.4541846625 0.4322618324074074 0.4486898015625 0.3962569166666667 0.4505208333333333 0.37083333333333335 0.4505208333333333 0.3625 0.44817708333333334 0.36018518518518516 0.4395833333333333 0.3625 0.4427083333333333 0.37546296296296294 0.44375 0.39305555555555555 0.44319494062500003 0.4188362685185185 0.44800294687500003 0.4353130879629629
1 0.4737600572916667 0.468877 0.48028523489583336 0.4426361212962963 0.47272980989583335 0.40541070370370375 0.4734375 0.38287037037037036 0.4734375 0.3680555555555556 0.47161458333333334 0.362962962962963 0.4669270833333333 0.3611111111111111 0.4630208333333333 0.36527777777777776 0.46197916666666666 0.37083333333333335 0.4661458333333333 0.3800925925925926 0.46770833333333334 0.40046296296296297 0.46517436145833335 0.4188362685185185 0.4737600572916667 0.468877
1 0.5046875 0.4125 0.5008909229166666 0.39808766944444446 0.5002040453125 0.36452375833333334 0.49196178854166667 0.36513400925925926 0.4947916666666667 0.39861111111111114 0.4947916666666667 0.4134259259259259 0.49947916666666664 0.43657407407407406 0.5005208333333333 0.46435185185185185 0.5026041666666666 0.46620370370370373 0.5072916666666667 0.43194444444444446 0.5046875 0.4125
0 0.4708333333333333 0.6087962962962963 0.4739583333333333 0.5930555555555556 0.4734375 0.5837962962962963 0.46979166666666666 0.5671296296296297 0.46432291666666664 0.5574074074074075 0.45546875 0.5509259259259259 0.4471354166666667 0.5509259259259259 0.43776041666666665 0.5583333333333333 0.43072916666666666 0.5726851851851852 0.42916666666666664 0.5939814814814814 0.4317708333333333 0.6069444444444444 0.4393229166666667 0.625 0.4471354166666667 0.6305555555555555 0.45625 0.6300925925925925 0.46328125 0.625 0.4708333333333333 0.6087962962962963
1 0.7104166666666667 0.4476851851851852 0.7114583333333333 0.4236111111111111 0.7067708333333333 0.4013888888888889 0.7041666666666667 0.3976851851851852 0.70625 0.3597222222222222 0.6986979166666667 0.35648148148148145 0.6942708333333333 0.3625 0.6979166666666666 0.3921296296296296 0.690625 0.41805555555555557 0.6901041666666666 0.43287037037037035 0.6942708333333333 0.4615740740740741 0.6981770833333333 0.4675925925925926 0.703125 0.4671296296296296 0.70625 0.46435185185185185 0.7104166666666667 0.4476851851851852