1 0.35625 0.3215277777777778 0.35859375 0.28958333333333336 0.347265625 0.2861111111111111 0.346875 0.3284722222222222 0.340625 0.3576388888888889 0.340625 0.3784722222222222 0.347265625 0.40694444444444444 0.3578125 0.4076388888888889 0.36484375 0.3715277777777778 0.35625 0.3215277777777778
1 0.38984375 0.36180555555555555 0.3828125 0.3326388888888889 0.384375 0.2923611111111111 0.380859375 0.2861111111111111 0.374609375 0.2861111111111111 0.37109375 0.2923611111111111 0.3734375 0.3284722222222222 0.36640625 0.36180555555555555 0.36640625 0.3840277777777778 0.3703125 0.4076388888888889 0.375390625 0.41388888888888886 0.3828125 0.4131944444444444 0.38984375 0.3854166666666667 0.38984375 0.36180555555555555
1 0.415625 0.3993055555555556 0.415625 0.3701388888888889 0.409375 0.33819444444444446 0.41015625 0.3020833333333333 0.405859375 0.2902777777777778 0.398828125 0.29305555555555557 0.396875 0.29930555555555555 0.39921875 0.3368055555555556 0.39140625 0.3701388888888889 0.39609375 0.41458333333333336 0.40234375 0.4215277777777778 0.408203125 0.41944444444444445 0.415625 0.3993055555555556
1 0.44375 0.3909722222222222 0.43984375 0.3576388888888889 0.434375 0.34375 0.43515625 0.3034722222222222 0.431640625 0.29444444444444445 0.427734375 0.29444444444444445 0.42265625 0.30486111111111114 0.425 0.34375 0.4171875 0.3909722222222222 0.421875 0.4215277777777778 0.43203125 0.4270833333333333 0.44140625 0.40902777777777777 0.44375 0.3909722222222222
1 0.4734375 0.36041666666666666 0.46640625 0.33402777777777776 0.46875 0.29375 0.461328125 0.28888888888888886 0.45546875 0.29791666666666666 0.4578125 0.33541666666666664 0.45078125 0.3645833333333333 0.45 0.38958333333333334 0.4546875 0.41180555555555554 0.460546875 0.42083333333333334 0.46640625 0.4201388888888889 0.47578125 0.3909722222222222 0.4734375 0.36041666666666666
1 0.50625 0.36319444444444443 0.4984375 0.3298611111111111 0.50078125 0.29097222222222224 0.498046875 0.2833333333333333 0.48828125 0.29097222222222224 0.490625 0.3298611111111111 0.48359375 0.3548611111111111 0.48203125 0.3770833333333333 0.4875 0.40625 0.491015625 0.4125 0.49921875 0.41180555555555554 0.50546875 0.3909722222222222 0.50625 0.36319444444444443
1 0.5375 0.3715277777777778 0.53671875 0.34930555555555554 0.5296875 0.32430555555555557 0.53203125 0.28680555555555554 0.529296875 0.2833333333333333 0.51953125 0.28680555555555554 0.521875 0.3229166666666667 0.5140625 0.36180555555555555 0.51875 0.40208333333333335 0.528125 0.40625 0.534375 0.3993055555555556 0.5375 0.3715277777777778
1 0.42109375 0.34930555555555554 0.41484375 0.3215277777777778 0.4171875 0.29097222222222224 0.416015625 0.2847222222222222 0.407421875 0.2847222222222222 0.4046875 0.28680555555555554 0.40859375 0.3034722222222222 0.4078125 0.33541666666666664 0.41484375 0.36736111111111114 0.41640625 0.40208333333333335 0.42109375 0.36319444444444443 0.42109375 0.34930555555555554
1 0.4421875 0.33541666666666664 0.44296875 0.29097222222222224 0.439453125 0.2847222222222222 0.433203125 0.2847222222222222 0.43046875 0.29375 0.43515625 0.30486111111111114 0.434375 0.3423611111111111 0.44140625 0.36180555555555555 0.440625 0.40625 0.44375 0.4076388888888889 0.44921875 0.36875 0.4421875 0.33541666666666664
1 0.48046875 0.3701388888888889 0.47265625 0.3229166666666667 0.475 0.2923611111111111 0.473046875 0.2847222222222222 0.462890625 0.2847222222222222 0.46171875 0.2881944444444444 0.46796875 0.2951388888888889 0.46640625 0.33819444444444446 0.47421875 0.3715277777777778 0.471875 0.40625 0.475 0.40347222222222223 0.48046875 0.3701388888888889
0 0.46796875 0.4673611111111111 0.462109375 0.4513888888888889 0.451171875 0.44027777777777777 0.434765625 0.4444444444444444 0.4265625 0.45625 0.421875 0.47291666666666665 0.425 0.50625 0.442578125 0.5277777777777778 0.45546875 0.5270833333333333 0.46953125 0.49375 0.46796875 0.4673611111111111
1 0.165625 0.3770833333333333 0.15859375 0.33541666666666664 0.15859375 0.2923611111111111 0.151171875 0.2861111111111111 0.14453125 0.2923611111111111 0.14765625 0.3326388888888889 0.14140625 0.35625 0.140625 0.3798611111111111 0.1453125 0.41180555555555554 0.148828125 0.4166666666666667 0.15703125 0.41597222222222224 0.1625 0.40347222222222223 0.165625 0.3770833333333333
1 0.19921875 0.3770833333333333 0.1984375 0.35208333333333336 0.18984375 0.3215277777777778 0.19375 0.29097222222222224 0.189453125 0.2861111111111111 0.1796875 0.29097222222222224 0.18203125 0.3284722222222222 0.175 0.35625 0.178125 0.3993055555555556 0.181640625 0.4083333333333333 0.18828125 0.40902777777777777 0.1953125 0.40347222222222223 0.19921875 0.3770833333333333
1 0.13984375 0.34791666666666665 0.13515625 0.3284722222222222 0.1359375 0.28958333333333336 0.125390625 0.2861111111111111 0.12265625 0.29097222222222224 0.12265625 0.3423611111111111 0.12734375 0.4076388888888889 0.13359375 0.40902777777777777 0.1390625 0.39375 0.13984375 0.34791666666666665
1 0.12265625 0.33819444444444446 0.1234375 0.29930555555555555 0.119921875 0.2916666666666667 0.113671875 0.2916666666666667 0.109375 0.29930555555555555 0.1109375 0.3423611111111111 0.10546875 0.36319444444444443 0.10390625 0.3909722222222222 0.11015625 0.41875 0.12109375 0.42291666666666666 0.128125 0.4048611111111111 0.12265625 0.33819444444444446
1 0.0921875 0.3770833333333333 0.0875 0.34652777777777777 0.08671875 0.3034722222222222 0.083984375 0.2972222222222222 0.076953125 0.2972222222222222 0.07265625 0.31180555555555556 0.075 0.34097222222222223 0.0703125 0.3645833333333333 0.0703125 0.41180555555555554 0.075390625 0.42916666666666664 0.08515625 0.4284722222222222 0.09140625 0.4076388888888889 0.0921875 0.3770833333333333
1 0.04609375 0.35347222222222224 0.0390625 0.3284722222222222 0.04140625 0.29375 0.036328125 0.2861111111111111 0.030078125 0.2861111111111111 0.02578125 0.2923611111111111 0.028125 0.3284722222222222 0.021875 0.36319444444444443 0.021875 0.38819444444444445 0.0265625 0.41458333333333336 0.03828125 0.4173611111111111 0.0453125 0.40069444444444446 0.04609375 0.35347222222222224
1 0.06953125 0.35625 0.06328125 0.33819444444444446 0.0640625 0.29930555555555555 0.059765625 0.2916666666666667 0.055078125 0.2916666666666667 0.04921875 0.3034722222222222 0.053125 0.33819444444444446 0.04765625 0.3576388888888889 0.0453125 0.3909722222222222 0.05 0.41875 0.06015625 0.42291666666666666 0.06875 0.40069444444444446 0.06953125 0.35625
1 0.10390625 0.3659722222222222 0.09765625 0.3298611111111111 0.10078125 0.29375 0.098046875 0.2875 0.090234375 0.2861111111111111 0.08515625 0.29375 0.0875 0.34930555555555554 0.0921875 0.37430555555555556 0.08984375 0.41180555555555554 0.09921875 0.41458333333333336 0.10234375 0.40347222222222223 0.10390625 0.3659722222222222
1 0.0734375 0.30486111111111114 0.0765625 0.29097222222222224 0.066796875 0.2847222222222222 0.06171875 0.2923611111111111 0.06328125 0.3368055555555556 0.07109375 0.3590277777777778 0.075 0.3423611111111111 0.0734375 0.30486111111111114