1 0.4859375 0.29375 0.4875 0.2701388888888889 0.482421875 0.2652777777777778 0.47890625 0.2701388888888889 0.48046875 0.2951388888888889 0.47578125 0.3145833333333333 0.47578125 0.33125 0.478125 0.34652777777777777 0.48671875 0.3506944444444444 0.4921875 0.32013888888888886 0.4859375 0.29375
1 0.50703125 0.31875 0.50234375 0.30069444444444443 0.503125 0.27291666666666664 0.498046875 0.26805555555555555 0.49375 0.2743055555555556 0.4953125 0.3020833333333333 0.49140625 0.32013888888888886 0.49140625 0.33958333333333335 0.49453125 0.3506944444444444 0.5 0.3548611111111111 0.50546875 0.34652777777777777 0.50703125 0.31875
1 0.52265625 0.32013888888888886 0.51875 0.3076388888888889 0.51953125 0.28402777777777777 0.513671875 0.2722222222222222 0.51015625 0.27708333333333335 0.5109375 0.30486111111111114 0.50625 0.33541666666666664 0.51015625 0.3576388888888889 0.51640625 0.3590277777777778 0.52265625 0.34652777777777777 0.52265625 0.32013888888888886
1 0.53515625 0.3076388888888889 0.53828125 0.28402777777777777 0.533984375 0.27361111111111114 0.52734375 0.28125 0.52890625 0.3090277777777778 0.52421875 0.32569444444444445 0.52578125 0.35625 0.53359375 0.36319444444444443 0.54140625 0.34375 0.53515625 0.3076388888888889
1 0.58359375 0.32013888888888886 0.578125 0.29375 0.5796875 0.2881944444444444 0.58046875 0.27291666666666664 0.578515625 0.26805555555555555 0.576171875 0.26666666666666666 0.573046875 0.26805555555555555 0.57109375 0.27291666666666664 0.57265625 0.30069444444444443 0.57109375 0.3034722222222222 0.56953125 0.31319444444444444 0.5671875 0.32013888888888886 0.5671875 0.33541666666666664 0.572265625 0.3541666666666667 0.57890625 0.35347222222222224 0.5828125 0.3423611111111111 0.58359375 0.32013888888888886
1 0.603125 0.33402777777777776 0.60390625 0.3173611111111111 0.60078125 0.29930555555555555 0.5984375 0.2951388888888889 0.60078125 0.27708333333333335 0.60078125 0.2701388888888889 0.598828125 0.2652777777777778 0.596484375 0.2638888888888889 0.5921875 0.26875 0.5921875 0.28125 0.59453125 0.29375 0.5921875 0.29791666666666666 0.5890625 0.31180555555555556 0.58828125 0.3284722222222222 0.5921875 0.34791666666666665 0.594140625 0.35 0.5984375 0.34930555555555554 0.60078125 0.34652777777777777 0.603125 0.33402777777777776
1 0.56012580234375 0.34497445416666667 0.56126944765625 0.3313842430555555 0.5606976296874999 0.3246526402777778 0.56005432734375 0.31639690555555555 0.55783853203125 0.31030035833333336 0.55612306953125 0.3019176083333333 0.556266028125 0.28870843055555556 0.5556942015625 0.28019866944444444 0.55505090859375 0.2744831569444444 0.55190590234375 0.27308603333333337 0.54921875 0.27569444444444446 0.5484375 0.2798611111111111 0.55078125 0.3020833333333333 0.5453125 0.3284722222222222 0.54609375 0.34375 0.5484375 0.35347222222222224 0.551171875 0.35833333333333334 0.55625 0.3576388888888889 0.558195915625 0.3522141013888889 0.56012580234375 0.34497445416666667
1 0.518668903125 0.2809607347222222 0.51895481171875 0.29175670138888893 0.5190262867187501 0.3069980652777778 0.5204558359375 0.31385667777777776 0.5226001609375001 0.3254147055555556 0.52388675078125 0.3256687277777778 0.5253163 0.323890575 0.52674584921875 0.3162698902777778 0.5261025515625 0.3092842666666667 0.52410118515625 0.3016635875 0.52324345859375 0.29175670138888893 0.52402971015625 0.2754992486111111 0.5226001609375001 0.26749753472222226 0.5185974234375 0.2672435097222222 0.51659605703125 0.26927569166666665 0.51506263671875 0.2737907736111111 0.518668903125 0.2809607347222222
1 0.6859375 0.29375 0.6875 0.2673611111111111 0.681640625 0.2625 0.67890625 0.2659722222222222 0.68046875 0.29375 0.675 0.32569444444444445 0.678125 0.3451388888888889 0.6859375 0.34791666666666665 0.69140625 0.3145833333333333 0.6859375 0.29375
1 0.700390625 0.2652777777777778 0.696875 0.2701388888888889 0.69921875 0.2951388888888889 0.69375 0.31319444444444444 0.69296875 0.33125 0.696875 0.3506944444444444 0.70390625 0.35347222222222224 0.70546875 0.2701388888888889 0.700390625 0.2652777777777778
0 0.5609375 0.43125 0.5578125 0.4131944444444444 0.543672421875 0.4022891708333334 0.53125 0.4131944444444444 0.528125 0.43819444444444444 0.536328125 0.4597222222222222 0.54609375 0.4618055555555556 0.5546875 0.4548611111111111 0.5609375 0.43125