1 0.32083333333333336 0.6152777777777778 0.32083333333333336 0.5902777777777778 0.3260416666666667 0.538425925925926 0.3260416666666667 0.5180555555555556 0.32265625 0.5148148148148148 0.2955729166666667 0.5148148148148148 0.2942708333333333 0.5328703703703703 0.296875 0.5643518518518519 0.29635416666666664 0.6143518518518518 0.2796875 0.6782407407407407 0.28203125 0.6824074074074075 0.2903645833333333 0.6833333333333333 0.3338541666666667 0.6837962962962963 0.3328125 0.6699074074074074 0.32083333333333336 0.6152777777777778
1 0.4088541666666667 0.6837962962962963 0.4005208333333333 0.6486111111111111 0.3984375 0.6226851851851852 0.40520833333333334 0.5226851851851851 0.4002604166666667 0.5166666666666667 0.37265625 0.5157407407407407 0.36822916666666666 0.5199074074074074 0.3671875 0.5263888888888889 0.37135416666666665 0.5986111111111111 0.37083333333333335 0.6356481481481482 0.35989583333333336 0.6837962962962963 0.3932291666666667 0.6884259259259259 0.40338541666666666 0.687962962962963 0.4088541666666667 0.6837962962962963
1 0.48020833333333335 0.6708333333333333 0.4796875 0.6578703703703703 0.4713541666666667 0.6171296296296296 0.47604166666666664 0.5347222222222222 0.475 0.5273148148148148 0.47161458333333334 0.524074074074074 0.4544270833333333 0.5231481481481481 0.4471354166666667 0.5259259259259259 0.4453125 0.5300925925925926 0.4484375 0.5819444444444445 0.4484375 0.6217592592592592 0.4390625 0.6550925925925926 0.434375 0.6837962962962963 0.44453125 0.687962962962963 0.4625 0.6875 0.47630208333333335 0.6861111111111111 0.48020833333333335 0.6708333333333333
1 0.5145833333333333 0.6680555555555555 0.5140625 0.6412037037037037 0.521875 0.5310185185185186 0.51484375 0.525 0.47890625 0.5268518518518519 0.4765625 0.5347222222222222 0.4765625 0.5560185185185185 0.48125 0.5995370370370371 0.4817708333333333 0.6513888888888889 0.478125 0.6837962962962963 0.48463541666666665 0.6907407407407408 0.5104166666666666 0.6921296296296297 0.5177083333333333 0.6902777777777778 0.5145833333333333 0.6680555555555555
1 0.5744791666666667 0.6847222222222222 0.5651041666666666 0.6412037037037037 0.565625 0.5958333333333333 0.5708333333333333 0.5439814814814815 0.5697916666666667 0.5328703703703703 0.5653645833333333 0.5277777777777778 0.5372395833333333 0.5296296296296297 0.5338541666666666 0.5375 0.5380208333333333 0.600462962962963 0.5380208333333333 0.638425925925926 0.5276041666666667 0.6847222222222222 0.5299479166666666 0.6907407407407408 0.5520833333333334 0.6921296296296297 0.57265625 0.6907407407407408 0.5744791666666667 0.6847222222222222
1 0.6645833333333333 0.6467592592592593 0.6723958333333333 0.5634259259259259 0.6723958333333333 0.5365740740740741 0.6684895833333333 0.5296296296296297 0.61953125 0.5296296296296297 0.6166666666666667 0.5365740740740741 0.6166666666666667 0.5625 0.6229166666666667 0.6412037037037037 0.6229166666666667 0.6902777777777778 0.6268229166666667 0.6953703703703704 0.6361979166666667 0.6972222222222222 0.6609375 0.6976851851851852 0.6635416666666667 0.6921296296296297 0.6645833333333333 0.6467592592592593
1 0.6229166666666667 0.6837962962962963 0.6161458333333333 0.5421296296296296 0.61328125 0.5361111111111111 0.5950520833333334 0.5361111111111111 0.59375 0.5532407407407407 0.5963541666666666 0.6226851851851852 0.58125 0.6837962962962963 0.5830729166666667 0.687962962962963 0.59296875 0.6925925925925925 0.60625 0.6921296296296297 0.6205729166666667 0.6907407407407408 0.6229166666666667 0.6837962962962963
1 0.7125 0.6300925925925925 0.7203125 0.5606481481481481 0.7203125 0.5375 0.7169270833333333 0.5342592592592592 0.6783854166666666 0.5361111111111111 0.6765625 0.5402777777777777 0.6765625 0.5615740740740741 0.6817708333333333 0.6421296296296296 0.6802083333333333 0.6699074074074074 0.6765625 0.6912037037037037 0.6809895833333334 0.6944444444444444 0.7140625 0.6939814814814815 0.7161458333333334 0.6893518518518519 0.7125 0.6300925925925925
1 0.7473958333333334 0.6847222222222222 0.7421875 0.6754629629629629 0.7359375 0.649537037037037 0.7348958333333333 0.6152777777777778 0.7411458333333333 0.5412037037037037 0.7393229166666667 0.5351851851851852 0.72421875 0.5333333333333333 0.7208333333333333 0.5365740740740741 0.71875 0.5791666666666667 0.7125 0.6337962962962963 0.7140625 0.6763888888888889 0.71796875 0.6935185185185185 0.7385416666666667 0.6949074074074074 0.74453125 0.6925925925925925 0.7473958333333334 0.6847222222222222
1 0.759375 0.6439814814814815 0.7567708333333333 0.624537037037037 0.7614583333333333 0.5439814814814815 0.7450520833333333 0.5407407407407407 0.7411458333333333 0.5504629629629629 0.7354166666666667 0.611574074074074 0.7369791666666666 0.6504629629629629 0.7411458333333333 0.6726851851851852 0.7484375 0.6837962962962963 0.7502604166666667 0.6925925925925925 0.7661458333333333 0.6939814814814815 0.7703125 0.6902777777777778 0.759375 0.6439814814814815
2 0.94453125 0.9981481481481481 0.9528645833333333 0.9953703703703703 0.95859375 0.9981481481481481 1 0.9967592592592592 0.9997395833333333 0.700925925925926 0.7768229166666667 0.6962962962962963 0.7638020833333333 0.700925925925926 0.6940104166666666 0.700925925925926 0.6669270833333333 0.6972222222222222 0.6638020833333333 0.700925925925926 0.6450520833333333 0.7018518518518518 0.6200520833333333 0.6962962962962963 0.6075520833333333 0.6981481481481482 0.5747395833333333 0.6935185185185185 0.5606770833333333 0.6972222222222222 0.5403645833333334 0.6972222222222222 0.5252604166666667 0.6925925925925925 0.4940104166666667 0.6962962962962963 0.47630208333333335 0.6916666666666667 0.4393229166666667 0.6925925925925925 0.42890625 0.687962962962963 0.3846354166666667 0.6935185185185185 0.3497395833333333 0.6861111111111111 0.32057291666666665 0.6916666666666667 0.2903645833333333 0.6907407407407408 0.27369791666666665 0.6824074074074075 0 0.6763888888888889 0.00078125 0.9972222222222222 0.5044270833333333 0.9972222222222222 0.51015625 0.9944444444444445 0.51328125 0.9981481481481481 0.5669270833333333 0.9990740740740741 0.61015625 0.9953703703703703 0.61484375 0.9981481481481481 0.67109375 0.9981481481481481 0.6747395833333333 0.9944444444444445 0.6768229166666667 0.9981481481481481 0.7888020833333333 0.9981481481481481 0.79609375 0.9953703703703703 0.7986979166666667 0.9981481481481481 0.9338541666666667 0.9986111111111111 0.94140625 0.9944444444444445 0.94453125 0.9981481481481481