1 0.975 0.78125 0.9640625 0.7326388888888888 0.97109375 0.6770833333333334 0.966015625 0.6638888888888889 0.957421875 0.6569444444444444 0.94453125 0.6715277777777777 0.94609375 0.7215277777777778 0.93046875 0.7673611111111112 0.92890625 0.8034722222222223 0.93125 0.8298611111111112 0.935546875 0.8388888888888889 0.947265625 0.8472222222222222 0.96015625 0.8479166666666667 0.97265625 0.8159722222222222 0.975 0.78125
1 0.8703125 0.7576388888888889 0.8703125 0.73125 0.8625 0.6965277777777777 0.8671875 0.6465277777777778 0.858984375 0.6291666666666667 0.8484375 0.6368055555555555 0.84609375 0.6520833333333333 0.8484375 0.6909722222222222 0.83984375 0.7104166666666667 0.83515625 0.7326388888888888 0.83515625 0.75625 0.83984375 0.7868055555555555 0.847265625 0.7944444444444444 0.85703125 0.7951388888888888 0.8640625 0.7840277777777778 0.8703125 0.7576388888888889
1 0.9296875 0.7715277777777778 0.93828125 0.7395833333333334 0.92890625 0.6979166666666666 0.93515625 0.6493055555555556 0.930078125 0.6388888888888888 0.921484375 0.6361111111111111 0.91328125 0.6465277777777778 0.9140625 0.6909722222222222 0.90234375 0.7270833333333333 0.9 0.7465277777777778 0.9046875 0.7895833333333333 0.909765625 0.7958333333333333 0.925 0.7993055555555556 0.928125 0.7965277777777777 0.9296875 0.7715277777777778
1 0.91015625 0.7048611111111112 0.90390625 0.6715277777777777 0.91015625 0.6354166666666666 0.901953125 0.6166666666666667 0.890625 0.6298611111111111 0.89140625 0.6701388888888888 0.8796875 0.7048611111111112 0.8796875 0.73125 0.88359375 0.7548611111111111 0.889453125 0.7611111111111111 0.89921875 0.7618055555555555 0.903125 0.7229166666666667 0.91015625 0.7048611111111112
1 0.83671875 0.7215277777777778 0.846875 0.6923611111111111 0.84453125 0.6645833333333333 0.84921875 0.6284722222222222 0.841796875 0.6125 0.83359375 0.6173611111111111 0.83125 0.6354166666666666 0.82578125 0.7520833333333333 0.8328125 0.75625 0.83515625 0.7534722222222222 0.83671875 0.7215277777777778
1 0.88828125 0.6770833333333334 0.884375 0.6576388888888889 0.88828125 0.6173611111111111 0.882421875 0.6027777777777777 0.87265625 0.6131944444444445 0.87265625 0.6493055555555556 0.86328125 0.6798611111111111 0.86328125 0.6965277777777777 0.86953125 0.7284722222222222 0.87890625 0.7326388888888888 0.88046875 0.7020833333333333 0.88828125 0.6770833333333334
1 0.53125 0.7673611111111112 0.53046875 0.74375 0.52265625 0.7048611111111112 0.52578125 0.6368055555555555 0.522265625 0.6208333333333333 0.514453125 0.6208333333333333 0.5078125 0.6326388888888889 0.50859375 0.6993055555555555 0.4953125 0.7465277777777778 0.49453125 0.7756944444444445 0.49921875 0.8173611111111111 0.504296875 0.8277777777777777 0.51171875 0.8298611111111112 0.5203125 0.8229166666666666 0.53125 0.7673611111111112
1 0.55703125 0.7381944444444445 0.55703125 0.7118055555555556 0.55078125 0.6701388888888888 0.5546875 0.6229166666666667 0.550390625 0.6180555555555556 0.5375 0.6215277777777778 0.53828125 0.6659722222222222 0.528125 0.70625 0.53203125 0.76875 0.537109375 0.7763888888888889 0.5453125 0.7770833333333333 0.54921875 0.7743055555555556 0.55703125 0.7381944444444445
1 0.02265625 0.6534722222222222 0.0265625 0.6145833333333334 0.015625 0.5784722222222223 0.01875 0.5340277777777778 0.008203125 0.5236111111111111 0 0.5354166666666667 0.00234375 0.5715277777777777 0 0.6090277777777777 0.00625 0.6381944444444444 0.00546875 0.6701388888888888 0.0125 0.6715277777777777 0.016796875 0.6694444444444444 0.02265625 0.6534722222222222
1 0.038227548437499995 0.7530862069444445 0.06218193671875 0.7512338930555557 0.07155539609375 0.6938092791666667 0.060098901562499994 0.6512036680555556 0.061458521875000005 0.5900469694444445 0.061458521875000005 0.5733803027777777 0.05091164687500001 0.5615747472222222 0.038021021875 0.5733803027777777 0.040364771875 0.6303247472222222 0.030989771875 0.6706025250000001 0.03093712421875 0.7030710583333334 0.038227548437499995 0.7530862069444445
1 0.48125 0.7201388888888889 0.48046875 0.6965277777777777 0.47421875 0.6631944444444444 0.4765625 0.6159722222222223 0.472265625 0.6125 0.462890625 0.6125 0.459375 0.61875 0.4609375 0.6631944444444444 0.45234375 0.6881944444444444 0.44921875 0.7118055555555556 0.45390625 0.7618055555555555 0.456640625 0.7694444444444445 0.46484375 0.7729166666666667 0.4734375 0.7631944444444444 0.48125 0.7201388888888889
1 0.44140625 0.70625 0.44453125 0.6756944444444445 0.4375 0.6340277777777777 0.43828125 0.6201388888888889 0.435546875 0.6152777777777778 0.427734375 0.6152777777777778 0.41640625 0.66875 0.415625 0.6854166666666667 0.4203125 0.7243055555555555 0.424609375 0.7305555555555555 0.4328125 0.7298611111111111 0.43671875 0.7256944444444444 0.44140625 0.70625
1 0.41484375 0.6590277777777778 0.4140625 0.6354166666666666 0.408203125 0.6111111111111112 0.399609375 0.6111111111111112 0.396875 0.6159722222222223 0.3890625 0.6534722222222222 0.39296875 0.6909722222222222 0.40078125 0.6979166666666666 0.40859375 0.6909722222222222 0.41484375 0.6590277777777778
1 0.505078125 0.6194444444444445 0.49453125 0.6229166666666667 0.49453125 0.6368055555555555 0.484375 0.68125 0.48828125 0.7243055555555555 0.491796875 0.7333333333333333 0.49765625 0.7340277777777777 0.5078125 0.6965277777777777 0.505078125 0.6194444444444445
1 0.5765625 0.71875 0.57890625 0.6854166666666667 0.5734375 0.6423611111111112 0.57421875 0.6215277777777778 0.565234375 0.6194444444444445 0.5625 0.64375 0.55390625 0.6729166666666667 0.55390625 0.6854166666666667 0.5578125 0.7354166666666667 0.5671875 0.7395833333333334 0.57265625 0.7340277777777777 0.5765625 0.71875
1 0.59609375 0.65625 0.59140625 0.63125 0.582421875 0.625 0.57578125 0.6423611111111112 0.575 0.6576388888888889 0.578125 0.6743055555555556 0.578125 0.70625 0.58671875 0.7104166666666667 0.59453125 0.6868055555555556 0.59609375 0.65625