1 0.45 0.4576388888888889 0.44921875 0.4326388888888889 0.43828125 0.3798611111111111 0.4421875 0.3423611111111111 0.439453125 0.32083333333333336 0.425390625 0.32222222222222224 0.421875 0.32708333333333334 0.425 0.3840277777777778 0.41484375 0.4354166666666667 0.41640625 0.46875 0.42265625 0.5006944444444444 0.426171875 0.5055555555555555 0.4359375 0.5048611111111111 0.4421875 0.4979166666666667 0.45 0.4576388888888889
1 0.403125 0.47430555555555554 0.4 0.4354166666666667 0.39140625 0.3951388888888889 0.395067209375 0.3440437486111111 0.39208104453125003 0.33307685833333334 0.386705940625 0.3288316097222222 0.38033545703125 0.33060045833333335 0.3751594359375 0.34156735416666667 0.378125 0.39791666666666664 0.3671875 0.45069444444444445 0.3671875 0.47430555555555554 0.3734375 0.5118055555555555 0.376953125 0.5180555555555556 0.38828125 0.5173611111111112 0.39765625 0.5020833333333333 0.403125 0.47430555555555554
1 0.3640625 0.4534722222222222 0.3609375 0.42291666666666666 0.3515625 0.3840277777777778 0.35546875 0.3284722222222222 0.351171875 0.32222222222222224 0.340234375 0.32222222222222224 0.33671875 0.32430555555555557 0.33515625 0.33402777777777776 0.3390625 0.3840277777777778 0.32890625 0.4270833333333333 0.32734375 0.45208333333333334 0.3296875 0.4756944444444444 0.3375 0.5006944444444444 0.345703125 0.5055555555555555 0.353125 0.5048611111111111 0.35703125 0.4965277777777778 0.3640625 0.4534722222222222
1 0.32421875 0.4409722222222222 0.32265625 0.41180555555555554 0.3125 0.3701388888888889 0.3125 0.34930555555555554 0.315625 0.32569444444444445 0.310546875 0.32222222222222224 0.298828125 0.3236111111111111 0.29765625 0.34097222222222223 0.30078125 0.3548611111111111 0.30078125 0.3715277777777778 0.29140625 0.40625 0.2890625 0.42430555555555555 0.28984375 0.44930555555555557 0.29375 0.4756944444444444 0.29765625 0.48819444444444443 0.303515625 0.4930555555555556 0.3140625 0.49236111111111114 0.31796875 0.48125 0.32421875 0.4409722222222222
1 0.28359375 0.4534722222222222 0.28671875 0.41180555555555554 0.28515625 0.39652777777777776 0.275 0.3576388888888889 0.2765625 0.32708333333333334 0.275390625 0.3236111111111111 0.265234375 0.3236111111111111 0.2609375 0.32708333333333334 0.2625 0.36041666666666666 0.253125 0.40347222222222223 0.253125 0.4354166666666667 0.26015625 0.47430555555555554 0.263671875 0.4791666666666667 0.275 0.47847222222222224 0.27890625 0.47430555555555554 0.28359375 0.4534722222222222
1 0.49453125 0.45625 0.49609375 0.4215277777777778 0.4921875 0.39791666666666664 0.484375 0.3701388888888889 0.48671875 0.3229166666666667 0.470703125 0.32083333333333336 0.46953125 0.33541666666666664 0.47265625 0.3701388888888889 0.46328125 0.40902777777777777 0.46171875 0.4423611111111111 0.4703125 0.4895833333333333 0.473046875 0.4930555555555556 0.484375 0.49236111111111114 0.48828125 0.48680555555555555 0.49453125 0.45625
1 0.534375 0.4548611111111111 0.540625 0.43680555555555556 0.54140625 0.40625 0.53125 0.3576388888888889 0.5328125 0.32569444444444445 0.530859375 0.32083333333333336 0.519140625 0.32083333333333336 0.5171875 0.32708333333333334 0.51875 0.35625 0.50859375 0.4048611111111111 0.50859375 0.4340277777777778 0.515625 0.47291666666666665 0.519921875 0.4777777777777778 0.53046875 0.47708333333333336 0.5328125 0.47430555555555554 0.534375 0.4548611111111111
1 0.41015625 0.42291666666666666 0.40859375 0.40902777777777777 0.39921875 0.3715277777777778 0.4015625 0.3326388888888889 0.4015625 0.32708333333333334 0.399609375 0.3236111111111111 0.39375 0.3284722222222222 0.39765625 0.33541666666666664 0.39765625 0.33958333333333335 0.39140625 0.3854166666666667 0.3921875 0.3993055555555556 0.39609375 0.41180555555555554 0.40234375 0.45069444444444445 0.40234375 0.47430555555555554 0.4046875 0.47708333333333336 0.409375 0.45208333333333334 0.41015625 0.42291666666666666
1 0.371875 0.4201388888888889 0.37109375 0.4048611111111111 0.365625 0.3770833333333333 0.359375 0.35625 0.3609375 0.32569444444444445 0.355859375 0.3236111111111111 0.3546875 0.32708333333333334 0.3546875 0.3506944444444444 0.35234375 0.3659722222222222 0.35234375 0.38680555555555557 0.3609375 0.4201388888888889 0.3609375 0.4284722222222222 0.36328125 0.43680555555555556 0.3640625 0.45902777777777776 0.365625 0.45902777777777776 0.36640625 0.44513888888888886 0.371875 0.4201388888888889
1 0.45625 0.40902777777777777 0.45234375 0.3854166666666667 0.44375 0.35208333333333336 0.44375 0.34097222222222223 0.44609375 0.32569444444444445 0.441796875 0.3236111111111111 0.43828125 0.38263888888888886 0.44765625 0.42291666666666666 0.44921875 0.4479166666666667 0.4515625 0.45625 0.45546875 0.4395833333333333 0.45625 0.40902777777777777
0 0.475 0.70625 0.48125 0.6840277777777778 0.48125 0.6590277777777778 0.47421875 0.6298611111111111 0.465234375 0.6166666666666667 0.447265625 0.6069444444444444 0.435546875 0.6083333333333333 0.41640625 0.6340277777777777 0.4109375 0.6590277777777778 0.41171875 0.6854166666666667 0.41953125 0.7104166666666667 0.429296875 0.725 0.442578125 0.7347222222222223 0.4515625 0.7340277777777777 0.465234375 0.7236111111111111 0.475 0.70625
1 0.03203125 0.47291666666666665 0.0375 0.4354166666666667 0.0375 0.4048611111111111 0.02578125 0.36041666666666666 0.0265625 0.32708333333333334 0.012109375 0.325 0.0125 0.36041666666666666 0.00390625 0.40208333333333335 0.003125 0.43819444444444444 0.01171875 0.4798611111111111 0.015234375 0.4861111111111111 0.0234375 0.48680555555555555 0.028515625 0.4861111111111111 0.03203125 0.47291666666666665