1 0 0.38125 0.006640625 0.40555555555555556 0.01875 0.4076388888888889 0.02734375 0.3993055555555556 0.03046875 0.3854166666666667 0.034375 0.35208333333333336 0.03359375 0.32708333333333334 0.0234375 0.28402777777777777 0.025 0.2298611111111111 0.019921875 0.225 0.004296875 0.225 0.00234375 0.23819444444444443 0.00546875 0.27291666666666664 0 0.3076388888888889 0 0.38125
1 0.08515625 0.3506944444444444 0.08515625 0.31180555555555556 0.0765625 0.2659722222222222 0.07734375 0.2298611111111111 0.058984375 0.2263888888888889 0.0609375 0.2659722222222222 0.05078125 0.3104166666666667 0.05 0.3423611111111111 0.05859375 0.38958333333333334 0.071875 0.39375 0.08046875 0.38680555555555557 0.08515625 0.3506944444444444
1 0.2890625 0.3284722222222222 0.2765625 0.2659722222222222 0.27890625 0.23125 0.266796875 0.22916666666666666 0.2625 0.23125 0.26484375 0.26875 0.253125 0.3173611111111111 0.253125 0.34652777777777777 0.26015625 0.38958333333333334 0.266796875 0.3958333333333333 0.2765625 0.3951388888888889 0.284375 0.3784722222222222 0.2890625 0.3284722222222222
1 0.32265625 0.38958333333333334 0.32734375 0.34097222222222223 0.315625 0.28680555555555554 0.31875 0.2326388888888889 0.308203125 0.22916666666666666 0.299609375 0.23055555555555557 0.2984375 0.23541666666666666 0.3015625 0.28680555555555554 0.29140625 0.32708333333333334 0.290625 0.36319444444444443 0.29921875 0.4076388888888889 0.3109375 0.41180555555555554 0.31875 0.4048611111111111 0.32265625 0.38958333333333334
1 0.36484375 0.38819444444444445 0.365625 0.35208333333333336 0.35390625 0.2965277777777778 0.35546875 0.23541666666666666 0.351953125 0.23055555555555557 0.341015625 0.23055555555555557 0.3375 0.23680555555555555 0.33984375 0.30069444444444443 0.33046875 0.33819444444444446 0.32890625 0.3784722222222222 0.33828125 0.4201388888888889 0.35390625 0.42569444444444443 0.3578125 0.4201388888888889 0.36484375 0.38819444444444445
1 0.50703125 0.3423611111111111 0.4953125 0.28680555555555554 0.49765625 0.23541666666666666 0.480859375 0.23194444444444445 0.47890625 0.24513888888888888 0.48203125 0.28680555555555554 0.47265625 0.32708333333333334 0.47109375 0.36319444444444443 0.47890625 0.4076388888888889 0.481640625 0.4125 0.49453125 0.41180555555555554 0.5046875 0.38125 0.50703125 0.3423611111111111
1 0.55546875 0.3576388888888889 0.55625 0.3229166666666667 0.54453125 0.27291666666666664 0.546875 0.23541666666666666 0.530859375 0.23194444444444445 0.53203125 0.27291666666666664 0.52265625 0.3145833333333333 0.52109375 0.34652777777777777 0.5296875 0.39375 0.533984375 0.39861111111111114 0.54609375 0.39791666666666664 0.55078125 0.38958333333333334 0.55546875 0.3576388888888889
1 0.4546875 0.35625 0.4453125 0.29930555555555555 0.44921875 0.24513888888888888 0.444921875 0.23194444444444445 0.431640625 0.23194444444444445 0.428125 0.24097222222222223 0.43046875 0.3020833333333333 0.42109375 0.33958333333333335 0.41953125 0.37430555555555556 0.421484375 0.3819444444444444 0.436328125 0.3875 0.4515625 0.40625 0.4546875 0.3951388888888889 0.4546875 0.35625
1 0.40546875 0.3854166666666667 0.40390625 0.3548611111111111 0.39375 0.31319444444444444 0.39765625 0.25763888888888886 0.390234375 0.2375 0.381640625 0.2388888888888889 0.3765625 0.25069444444444444 0.3796875 0.31319444444444444 0.36875 0.36736111111111114 0.37109375 0.40902777777777777 0.38046875 0.4354166666666667 0.38515625 0.4354166666666667 0.39453125 0.40347222222222223 0.40546875 0.3854166666666667
1 0.4171875 0.33958333333333335 0.40625 0.2881944444444444 0.40859375 0.23402777777777778 0.394140625 0.23055555555555557 0.38984375 0.23680555555555555 0.3953125 0.2465277777777778 0.396875 0.2590277777777778 0.39375 0.31319444444444444 0.40390625 0.3548611111111111 0.40546875 0.38125 0.41171875 0.3840277777777778 0.415625 0.37430555555555556 0.4171875 0.33958333333333335
1 0.36640625 0.2701388888888889 0.36875 0.23402777777777778 0.357421875 0.23055555555555557 0.35390625 0.29097222222222224 0.36875 0.36736111111111114 0.3765625 0.31319444444444444 0.36640625 0.2701388888888889
1 0.46640625 0.32569444444444445 0.4546875 0.27152777777777776 0.45703125 0.23680555555555555 0.455078125 0.23194444444444445 0.448828125 0.23194444444444445 0.44609375 0.23680555555555555 0.4484375 0.2534722222222222 0.44453125 0.2951388888888889 0.453125 0.34375 0.453125 0.3951388888888889 0.45546875 0.39791666666666664 0.465625 0.3576388888888889 0.46640625 0.32569444444444445
0 0.4515625 0.4701388888888889 0.4546875 0.4548611111111111 0.45390625 0.4215277777777778 0.45 0.40625 0.435546875 0.3861111111111111 0.425390625 0.3819444444444444 0.407421875 0.38472222222222224 0.39609375 0.40069444444444446 0.38984375 0.4173611111111111 0.38828125 0.46041666666666664 0.402734375 0.4930555555555556 0.415234375 0.5027777777777778 0.425 0.5034722222222222 0.439453125 0.4930555555555556 0.4515625 0.4701388888888889