1 0.3171875 0.36041666666666666 0.315625 0.33819444444444446 0.30625 0.2965277777777778 0.30859375 0.2423611111111111 0.303515625 0.2375 0.290234375 0.2388888888888889 0.29140625 0.2951388888888889 0.28046875 0.3423611111111111 0.28046875 0.37430555555555556 0.28984375 0.41597222222222224 0.3046875 0.4201388888888889 0.309375 0.41180555555555554 0.3171875 0.36041666666666666
1 0.27421875 0.38263888888888886 0.278125 0.35625 0.278125 0.3284722222222222 0.2671875 0.2798611111111111 0.26875 0.24097222222222223 0.258203125 0.2375 0.2515625 0.2423611111111111 0.25390625 0.2743055555555556 0.24296875 0.3284722222222222 0.2421875 0.34652777777777777 0.2515625 0.3993055555555556 0.26328125 0.4048611111111111 0.2703125 0.3993055555555556 0.27421875 0.38263888888888886
1 0.3515625 0.41041666666666665 0.35546875 0.36319444444444443 0.34453125 0.3145833333333333 0.346875 0.24375 0.333203125 0.2388888888888889 0.328125 0.2465277777777778 0.33046875 0.3090277777777778 0.31953125 0.35208333333333336 0.31875 0.3840277777777778 0.328125 0.4326388888888889 0.340625 0.4354166666666667 0.346875 0.4284722222222222 0.3515625 0.41041666666666665
1 0.40625 0.33541666666666664 0.39609375 0.2923611111111111 0.3984375 0.24513888888888888 0.396484375 0.24027777777777778 0.381640625 0.24027777777777778 0.37890625 0.24513888888888888 0.38671875 0.26180555555555557 0.384375 0.32013888888888886 0.39453125 0.36736111111111114 0.3953125 0.40625 0.39296875 0.41875 0.396875 0.41875 0.40546875 0.38819444444444445 0.40625 0.33541666666666664
1 0.39609375 0.3909722222222222 0.39375 0.36319444444444443 0.384375 0.31875 0.38671875 0.26319444444444445 0.381640625 0.24861111111111112 0.376171875 0.24583333333333332 0.3671875 0.26319444444444445 0.3703125 0.31180555555555556 0.359375 0.36736111111111114 0.35859375 0.40069444444444446 0.36484375 0.4423611111111111 0.369921875 0.45 0.38203125 0.45069444444444445 0.3890625 0.4423611111111111 0.39609375 0.3909722222222222
1 0.44609375 0.37569444444444444 0.44453125 0.35208333333333336 0.43515625 0.30625 0.4375 0.24930555555555556 0.432421875 0.24027777777777778 0.423046875 0.24027777777777778 0.41796875 0.2520833333333333 0.4203125 0.31319444444444444 0.41171875 0.34930555555555554 0.409375 0.3784722222222222 0.41953125 0.4340277777777778 0.43203125 0.43680555555555556 0.43984375 0.4270833333333333 0.44609375 0.37569444444444444
1 0.49375 0.39791666666666664 0.49765625 0.3506944444444444 0.4859375 0.29375 0.4890625 0.24375 0.471484375 0.24027777777777778 0.4734375 0.29375 0.4625 0.33958333333333335 0.4609375 0.3659722222222222 0.4703125 0.41875 0.484375 0.4215277777777778 0.4890625 0.41597222222222224 0.49375 0.39791666666666664
1 0.54453125 0.3701388888888889 0.5453125 0.32708333333333334 0.534375 0.2798611111111111 0.53671875 0.24513888888888888 0.522265625 0.24166666666666667 0.521875 0.26458333333333334 0.52578125 0.27847222222222223 0.521875 0.28125 0.5125 0.3215277777777778 0.5109375 0.3576388888888889 0.51796875 0.40208333333333335 0.522265625 0.4097222222222222 0.534375 0.40902777777777777 0.53984375 0.3993055555555556 0.54453125 0.3701388888888889
1 0.35625 0.28125 0.3578125 0.24097222222222223 0.351171875 0.2388888888888889 0.34609375 0.24375 0.34765625 0.26180555555555557 0.34453125 0.30625 0.3578125 0.3770833333333333 0.3671875 0.3215277777777778 0.35625 0.28125
1 0.45625 0.33958333333333335 0.4453125 0.2798611111111111 0.44765625 0.2423611111111111 0.437890625 0.24027777777777778 0.4359375 0.30486111111111114 0.4453125 0.35625 0.4453125 0.39791666666666664 0.44765625 0.3993055555555556 0.45390625 0.3770833333333333 0.45625 0.33958333333333335
1 0.071875 0.3854166666666667 0.07578125 0.35625 0.07578125 0.32569444444444445 0.06640625 0.2798611111111111 0.06640625 0.23819444444444443 0.049609375 0.23472222222222222 0.04921875 0.28402777777777777 0.03984375 0.3215277777777778 0.0390625 0.34930555555555554 0.04765625 0.39652777777777776 0.051171875 0.4027777777777778 0.06484375 0.40347222222222223 0.06953125 0.3993055555555556 0.071875 0.3854166666666667
1 0.01953125 0.40069444444444446 0.02421875 0.34791666666666665 0.01328125 0.2923611111111111 0.0140625 0.23680555555555555 0.000390625 0.23333333333333334 0 0.41597222222222224 0.00859375 0.41597222222222224 0.015234375 0.4125 0.01953125 0.40069444444444446
0 0.440625 0.4965277777777778 0.434375 0.47708333333333336 0.423828125 0.46111111111111114 0.409765625 0.45555555555555555 0.391015625 0.4583333333333333 0.38046875 0.47152777777777777 0.37265625 0.49375 0.37109375 0.5326388888888889 0.37890625 0.5576388888888889 0.387109375 0.5708333333333333 0.402734375 0.5833333333333334 0.41796875 0.5826388888888889 0.43984375 0.5395833333333333 0.440625 0.4965277777777778