1 0.503125 0.48819444444444443 0.4953125 0.4423611111111111 0.4984375 0.39652777777777776 0.491015625 0.3763888888888889 0.484765625 0.37777777777777777 0.48046875 0.38958333333333334 0.4828125 0.4423611111111111 0.47421875 0.4840277777777778 0.47578125 0.5131944444444444 0.485546875 0.5 0.503125 0.48819444444444443
1 0.50625 0.41875 0.50859375 0.3701388888888889 0.494140625 0.3680555555555556 0.49296875 0.3770833333333333 0.4984375 0.3993055555555556 0.49609375 0.4479166666666667 0.503125 0.48819444444444443 0.5140625 0.4965277777777778 0.515625 0.46458333333333335 0.50625 0.41875
0 0.52890625 0.5520833333333334 0.52890625 0.5340277777777778 0.525 0.5173611111111112 0.513671875 0.49722222222222223 0.496484375 0.4930555555555556 0.485546875 0.5 0.47578125 0.5159722222222223 0.471875 0.5465277777777777 0.475 0.56875 0.483984375 0.5847222222222223 0.503125 0.59375 0.52265625 0.5784722222222223 0.52890625 0.5520833333333334
1 0.89301165 0.46377852500000005 0.88363665 0.41655630277777783 0.8867616500000001 0.3693340805555556 0.8848085250000001 0.36447296944444446 0.871527275 0.36447296944444446 0.8672304000000001 0.3693340805555556 0.8711366500000001 0.41655630277777783 0.86176165 0.4526674138888889 0.8609804000000001 0.4832229694444445 0.8672304000000001 0.5207229694444445 0.872308525 0.5269729694444445 0.88207415 0.526278525 0.8883241500000001 0.5110007472222222 0.89301165 0.46377852500000005
1 0.93162158046875 0.46852931111111107 0.92146533046875 0.4268626444444444 0.92459033046875 0.3740848666666666 0.9202934554687501 0.3650570888888888 0.91404345546875 0.36366819999999994 0.9085747054687501 0.36644597777777776 0.90427783046875 0.3782515333333333 0.90740283046875 0.4282515333333333 0.89724658046875 0.4671404222222222 0.89724658046875 0.4949182 0.90427783046875 0.5310293111111111 0.9085747054687501 0.537279311111111 0.92068408046875 0.5365848666666666 0.92849658046875 0.5171404222222222 0.93162158046875 0.46852931111111107
1 0.970931815625 0.5127530666666666 0.9724468203125 0.4823645708333333 0.96718776015625 0.4484866708333333 0.9623380656249999 0.4210864 0.9625860609375 0.3894923916666667 0.9563409164062501 0.3778103527777778 0.94746624140625 0.37664215277777774 0.942025565625 0.38636417777777776 0.945494071875 0.4128564513888889 0.9451505656249999 0.4377530666666667 0.935775565625 0.4794197333333333 0.9349943156249999 0.4988641777777778 0.9428068156249999 0.5405308444444444 0.947884940625 0.5481697333333333 0.9584318156249999 0.5488641777777777 0.965463065625 0.5446975111111111 0.970931815625 0.5127530666666666
1 0.9911822984375 0.38365137222222223 0.98263630390625 0.3935810930555555 0.98263630390625 0.4140246527777778 0.9849371539062499 0.4327159111111111 0.98427974921875 0.44907077083333335 0.9783632851562499 0.4665938111111111 0.975405075 0.49346249166666667 0.9780346046874999 0.5220834902777778 0.9890625 0.5493055555555556 1 0.5548611111111111 0.9993996132812499 0.3824831722222222 0.9911822984375 0.38365137222222223
1 0.2671875 0.47152777777777777 0.26640625 0.45069444444444445 0.26015625 0.4270833333333333 0.2609375 0.3770833333333333 0.257421875 0.3680555555555556 0.247265625 0.36666666666666664 0.24453125 0.38125 0.24921875 0.41875 0.240625 0.4576388888888889 0.23984375 0.48680555555555555 0.246875 0.5243055555555556 0.26015625 0.5284722222222222 0.26484375 0.5173611111111112 0.2671875 0.47152777777777777
1 0.22265625 0.47708333333333336 0.2140625 0.4340277777777778 0.21484375 0.38125 0.211328125 0.37222222222222223 0.204296875 0.37083333333333335 0.19765625 0.38263888888888886 0.2 0.43680555555555556 0.19296875 0.48819444444444443 0.20078125 0.5368055555555555 0.21328125 0.5395833333333333 0.2203125 0.5201388888888889 0.22265625 0.47708333333333336
1 0.17265625 0.5395833333333333 0.17265625 0.4840277777777778 0.16796875 0.44930555555555557 0.16875 0.3923611111111111 0.1671875 0.3840277777777778 0.160546875 0.37777777777777777 0.154296875 0.38055555555555554 0.15078125 0.38958333333333334 0.153125 0.44513888888888886 0.146875 0.47430555555555554 0.1453125 0.50625 0.15234375 0.5479166666666667 0.165625 0.5520833333333334 0.169140625 0.5513888888888889 0.17265625 0.5395833333333333
1 0.1234375 0.5229166666666667 0.121875 0.48125 0.1171875 0.45069444444444445 0.11875 0.39652777777777776 0.114453125 0.3902777777777778 0.105859375 0.3888888888888889 0.1015625 0.39652777777777776 0.103125 0.44930555555555557 0.09765625 0.4826388888888889 0.09609375 0.5243055555555556 0.09921875 0.5590277777777778 0.109375 0.5631944444444444 0.12109375 0.5590277777777778 0.1234375 0.5229166666666667
1 0.1875 0.5173611111111112 0.19140625 0.47152777777777777 0.1859375 0.4326388888888889 0.1828125 0.42569444444444443 0.18359375 0.3729166666666667 0.181640625 0.3680555555555556 0.173046875 0.36666666666666664 0.16796875 0.3701388888888889 0.1703125 0.41180555555555554 0.16796875 0.4465277777777778 0.17265625 0.4798611111111111 0.17265625 0.5256944444444445 0.174609375 0.5291666666666667 0.18203125 0.5284722222222222 0.18515625 0.5256944444444445 0.1875 0.5173611111111112
1 0.14296875 0.5048611111111111 0.14296875 0.47430555555555554 0.13671875 0.4326388888888889 0.13828125 0.38125 0.134765625 0.37222222222222223 0.125390625 0.37083333333333335 0.1203125 0.3798611111111111 0.121875 0.4340277777777778 0.11953125 0.46319444444444446 0.1234375 0.5020833333333333 0.1234375 0.5368055555555555 0.126953125 0.5416666666666666 0.1359375 0.5409722222222222 0.13984375 0.5340277777777778 0.14296875 0.5048611111111111
1 0.0953125 0.4965277777777778 0.09453125 0.47847222222222224 0.0890625 0.4465277777777778 0.08984375 0.39791666666666664 0.08828125 0.3854166666666667 0.078515625 0.37777777777777777 0.071484375 0.3819444444444444 0.06953125 0.38958333333333334 0.071875 0.43680555555555556 0.0671875 0.47291666666666665 0.0671875 0.5076388888888889 0.086328125 0.5444444444444444 0.08984375 0.54375 0.09296875 0.5340277777777778 0.0953125 0.4965277777777778
1 0.065625 0.4756944444444444 0.0546875 0.4340277777777778 0.05703125 0.3909722222222222 0.05625 0.3798611111111111 0.051171875 0.37083333333333335 0.042578125 0.37083333333333335 0.0390625 0.3784722222222222 0.040625 0.4340277777777778 0.0375 0.46041666666666664 0.04296875 0.4798611111111111 0.052734375 0.49722222222222223 0.060546875 0.5041666666666667 0.06484375 0.5034722222222222 0.06640625 0.4979166666666667 0.065625 0.4756944444444444