1 0.2552083333333333 0.7421296296296296 0.2557291666666667 0.7347222222222223 0.25338541666666664 0.7314814814814815 0.21822916666666667 0.7337962962962963 0.21770833333333334 0.7402777777777778 0.22161458333333334 0.7481481481481481 0.2375 0.749537037037037 0.2518229166666667 0.7481481481481481 0.2552083333333333 0.7421296296296296
1 0.2713541666666667 0.5967592592592592 0.2708333333333333 0.5773148148148148 0.2671875 0.5532407407407407 0.253125 0.5032407407407408 0.24947916666666667 0.48009259259259257 0.2484375 0.425462962962963 0.2526041666666667 0.38101851851851853 0.2515625 0.3486111111111111 0.24401041666666667 0.3314814814814815 0.23776041666666667 0.32685185185185184 0.23151041666666666 0.325 0.22369791666666666 0.3296296296296296 0.21770833333333334 0.33935185185185185 0.2140625 0.3541666666666667 0.215625 0.399537037037037 0.22135416666666666 0.44027777777777777 0.22083333333333333 0.47453703703703703 0.20052083333333334 0.5800925925925926 0.19947916666666668 0.5995370370370371 0.20078125 0.6037037037037037 0.2046875 0.6050925925925926 0.26640625 0.600925925925926 0.2713541666666667 0.5967592592592592
1 0.33489583333333334 0.763425925925926 0.33958333333333335 0.7412037037037037 0.3377604166666667 0.7342592592592593 0.29010416666666666 0.7337962962962963 0.2890625 0.7393518518518518 0.2911458333333333 0.7541666666666667 0.29713541666666665 0.7722222222222223 0.32447916666666665 0.774537037037037 0.33098958333333334 0.7722222222222223 0.33489583333333334 0.763425925925926
1 0.346875 0.5939814814814814 0.34479166666666666 0.5726851851851852 0.3328125 0.5291666666666667 0.32864583333333336 0.5050925925925925 0.32864583333333336 0.44675925925925924 0.33229166666666665 0.41064814814814815 0.33229166666666665 0.3773148148148148 0.3302083333333333 0.3662037037037037 0.32526041666666666 0.35555555555555557 0.31484375 0.3472222222222222 0.30546875 0.35 0.2981770833333333 0.35833333333333334 0.29270833333333335 0.37916666666666665 0.29322916666666665 0.40694444444444444 0.29791666666666666 0.4532407407407407 0.2984375 0.5078703703703704 0.2791666666666667 0.5912037037037037 0.28046875 0.6 0.2911458333333333 0.5995370370370371 0.34401041666666665 0.5972222222222222 0.346875 0.5939814814814814
1 0.603125 0.7902777777777777 0.6119791666666666 0.7393518518518518 0.6065104166666667 0.7342592592592593 0.55546875 0.7333333333333333 0.5536458333333333 0.7375 0.5546875 0.7467592592592592 0.5651041666666666 0.7921296296296296 0.5716145833333334 0.799074074074074 0.5911458333333334 0.799537037037037 0.6002604166666666 0.7972222222222223 0.603125 0.7902777777777777
1 0.6057291666666667 0.5902777777777778 0.5973958333333333 0.5097222222222222 0.6026041666666667 0.44675925925925924 0.603125 0.40046296296296297 0.6020833333333333 0.3912037037037037 0.59453125 0.37407407407407406 0.5877604166666667 0.3685185185185185 0.5799479166666667 0.3685185185185185 0.5700520833333333 0.3768518518518518 0.5635416666666667 0.39675925925925926 0.5635416666666667 0.43287037037037035 0.5692708333333333 0.5013888888888889 0.56875 0.5300925925925926 0.5546875 0.586574074074074 0.5546875 0.5930555555555556 0.5979166666666667 0.5949074074074074 0.6049479166666667 0.5935185185185186 0.6057291666666667 0.5902777777777778
1 0.6395833333333333 0.5625 0.6229166666666667 0.49027777777777776 0.6203125 0.4671296296296296 0.6197916666666666 0.4412037037037037 0.6255208333333333 0.3819444444444444 0.625 0.3486111111111111 0.621875 0.3365740740740741 0.6158854166666666 0.32685185185185184 0.6080729166666666 0.32222222222222224 0.60078125 0.32314814814814813 0.5901041666666667 0.3365740740740741 0.5864583333333333 0.3597222222222222 0.5880208333333333 0.36898148148148147 0.6 0.38472222222222224 0.6026041666666667 0.4041666666666667 0.6015625 0.45416666666666666 0.596875 0.49583333333333335 0.5979166666666667 0.5300925925925926 0.6026041666666667 0.5726851851851852 0.6020833333333333 0.5921296296296297 0.61171875 0.5962962962962963 0.640625 0.5976851851851852 0.6427083333333333 0.5893518518518519 0.6395833333333333 0.5625
1 0.7083333333333334 0.763425925925926 0.7130208333333333 0.7412037037037037 0.71171875 0.7333333333333333 0.6645833333333333 0.7337962962962963 0.6635416666666667 0.7393518518518518 0.6716145833333333 0.7694444444444445 0.7 0.7717592592592593 0.7059895833333333 0.7685185185185185 0.7083333333333334 0.763425925925926
1 0.7020833333333333 0.5050925925925925 0.7010416666666667 0.4726851851851852 0.7057291666666666 0.3921296296296296 0.7046875 0.36898148148148147 0.6955729166666667 0.3490740740740741 0.6893229166666667 0.34444444444444444 0.68046875 0.3453703703703704 0.6697916666666667 0.3578703703703704 0.665625 0.37546296296296294 0.665625 0.40046296296296297 0.6708333333333333 0.44583333333333336 0.6713541666666667 0.5050925925925925 0.65625 0.5708333333333333 0.6526041666666667 0.5986111111111111 0.6591145833333333 0.6018518518518519 0.721875 0.6032407407407407 0.7208333333333333 0.5847222222222223 0.7020833333333333 0.5050925925925925
1 0.828125 0.5912037037037037 0.825 0.5606481481481481 0.80625 0.4791666666666667 0.8046875 0.4356481481481482 0.809375 0.37916666666666665 0.809375 0.3486111111111111 0.8078125 0.33935185185185185 0.8018229166666667 0.32685185185185184 0.7966145833333333 0.32222222222222224 0.78671875 0.3212962962962963 0.77734375 0.3296296296296296 0.7708333333333334 0.3486111111111111 0.7708333333333334 0.37916666666666665 0.7770833333333333 0.44675925925925924 0.7760416666666666 0.4810185185185185 0.7583333333333333 0.5625 0.7552083333333334 0.5995370370370371 0.75703125 0.6046296296296296 0.8255208333333334 0.6050925925925926 0.828125 0.6023148148148149 0.828125 0.5912037037037037
2 0.7684895833333333 0.7351851851851852 0.7799479166666666 0.7314814814814815 0.8096354166666667 0.7314814814814815 0.8119791666666667 0.7263888888888889 0.8104166666666667 0.6134259259259259 0.8018229166666667 0.6083333333333333 0.6611979166666667 0.6074074074074074 0.6075520833333333 0.6 0.54921875 0.5990740740740741 0.54140625 0.6037037037037037 0.53828125 0.600925925925926 0.5252604166666667 0.6037037037037037 0.5205729166666667 0.6 0.51015625 0.6037037037037037 0.50703125 0.6 0.4940104166666667 0.6027777777777777 0.48984375 0.5990740740740741 0.4783854166666667 0.6027777777777777 0.4747395833333333 0.5990740740740741 0.4705729166666667 0.6027777777777777 0.4669270833333333 0.5990740740740741 0.46328125 0.6018518518518519 0.45026041666666666 0.5990740740740741 0.4471354166666667 0.6018518518518519 0.43515625 0.5981481481481481 0.4315104166666667 0.600925925925926 0.40338541666666666 0.5990740740740741 0.4002604166666667 0.6018518518518519 0.39557291666666666 0.5990740740740741 0.3919270833333333 0.6018518518518519 0.38828125 0.5990740740740741 0.3841145833333333 0.6018518518518519 0.38046875 0.5990740740740741 0.3768229166666667 0.6027777777777777 0.36328125 0.6 0.35442708333333334 0.6037037037037037 0.34453125 0.600925925925926 0.26067708333333334 0.6074074074074074 0.12265625 0.6064814814814815 0.09453125 0.6101851851851852 0.09114583333333333 0.6199074074074075 0.09166666666666666 0.7189814814814814 0.09453125 0.7296296296296296 0.10651041666666666 0.7351851851851852 0.11796875 0.7314814814814815 0.13255208333333332 0.7333333333333333 0.14557291666666666 0.7305555555555555 0.19973958333333333 0.7361111111111112 0.24765625 0.7296296296296296 0.26067708333333334 0.7333333333333333 0.29765625 0.7305555555555555 0.36796875 0.7333333333333333 0.5705729166666667 0.7314814814814815 0.6604166666666667 0.7356481481481482 0.67109375 0.7305555555555555 0.7684895833333333 0.7351851851851852