1 0.42265625 0.43819444444444444 0.421875 0.4201388888888889 0.41640625 0.3993055555555556 0.41796875 0.36319444444444443 0.416015625 0.3597222222222222 0.408203125 0.3597222222222222 0.40546875 0.36319444444444443 0.40703125 0.40069444444444446 0.40390625 0.41041666666666665 0.4015625 0.4270833333333333 0.4015625 0.4423611111111111 0.4046875 0.46458333333333335 0.408203125 0.4708333333333333 0.41640625 0.4701388888888889 0.42109375 0.4534722222222222 0.42265625 0.43819444444444444
1 0.44609375 0.4534722222222222 0.44609375 0.42986111111111114 0.43984375 0.40069444444444446 0.44140625 0.37430555555555556 0.440625 0.3645833333333333 0.437109375 0.3597222222222222 0.431640625 0.3597222222222222 0.42890625 0.3645833333333333 0.43046875 0.4048611111111111 0.425 0.42569444444444443 0.42421875 0.4409722222222222 0.4265625 0.46319444444444446 0.4296875 0.47291666666666665 0.431640625 0.47638888888888886 0.43984375 0.47847222222222224 0.44375 0.4673611111111111 0.44609375 0.4534722222222222
1 0.46953125 0.46597222222222223 0.46953125 0.43680555555555556 0.4671875 0.41875 0.4625 0.4048611111111111 0.4625 0.39375 0.46484375 0.3840277777777778 0.46328125 0.3701388888888889 0.460546875 0.3638888888888889 0.458203125 0.3625 0.455078125 0.3638888888888889 0.45234375 0.3701388888888889 0.45390625 0.41041666666666665 0.44765625 0.4326388888888889 0.446875 0.4479166666666667 0.45078125 0.4756944444444444 0.454296875 0.48194444444444445 0.46328125 0.48125 0.46796875 0.47291666666666665 0.46953125 0.46597222222222223
1 0.49296875 0.4673611111111111 0.49375 0.4326388888888889 0.4921875 0.4215277777777778 0.4875 0.4076388888888889 0.48828125 0.38125 0.48671875 0.3729166666666667 0.482421875 0.36666666666666664 0.4765625 0.37569444444444444 0.47890625 0.4048611111111111 0.47578125 0.4270833333333333 0.47265625 0.43819444444444444 0.471875 0.46041666666666664 0.475 0.4840277777777778 0.477734375 0.4875 0.484375 0.48680555555555555 0.4890986953125 0.4863857972222222 0.49296875 0.4673611111111111
1 0.5203125 0.47291666666666665 0.52265625 0.4465277777777778 0.52109375 0.4284722222222222 0.515625 0.40347222222222223 0.51640625 0.3701388888888889 0.513671875 0.3625 0.510546875 0.3611111111111111 0.50703125 0.3659722222222222 0.50546875 0.3729166666666667 0.5078125 0.3993055555555556 0.5015625 0.4340277777777778 0.5015625 0.4534722222222222 0.503125 0.46458333333333335 0.5056224546875 0.47738149583333334 0.51015625 0.48125 0.5125 0.48125 0.517578125 0.4777777777777778 0.5203125 0.47291666666666665
1 0.55 0.46458333333333335 0.55234375 0.4465277777777778 0.55234375 0.4270833333333333 0.54609375 0.40069444444444446 0.54765625 0.3701388888888889 0.546875 0.36180555555555555 0.544921875 0.35833333333333334 0.539453125 0.35833333333333334 0.5359375 0.36319444444444443 0.5375 0.40069444444444446 0.53125 0.42430555555555555 0.53046875 0.4465277777777778 0.53515625 0.4701388888888889 0.537890625 0.475 0.54453125 0.4756944444444444 0.54765625 0.47291666666666665 0.55 0.46458333333333335
1 0.578125 0.46458333333333335 0.58125 0.4409722222222222 0.58125 0.42430555555555555 0.57734375 0.40069444444444446 0.575 0.39791666666666664 0.57578125 0.36041666666666666 0.573046875 0.35694444444444445 0.567578125 0.35694444444444445 0.565234375 0.35833333333333334 0.5640625 0.36319444444444443 0.56640625 0.39375 0.56015625 0.4284722222222222 0.56015625 0.4423611111111111 0.56484375 0.4673611111111111 0.566796875 0.46944444444444444 0.575 0.46875 0.576953125 0.46805555555555556 0.578125 0.46458333333333335
1 0.5 0.4270833333333333 0.4921875 0.40069444444444446 0.49453125 0.36319444444444443 0.491015625 0.35833333333333334 0.485546875 0.35833333333333334 0.4828125 0.3645833333333333 0.4875 0.3770833333333333 0.48671875 0.4076388888888889 0.4875 0.41180555555555554 0.490625 0.41597222222222224 0.49375 0.43125 0.49375 0.45069444444444445 0.49140625 0.47152777777777777 0.48984375 0.47430555555555554 0.49453125 0.47430555555555554 0.5 0.44930555555555557 0.5 0.4270833333333333
1 0.475 0.4326388888888889 0.47421875 0.4131944444444444 0.46953125 0.39652777777777776 0.47109375 0.36041666666666666 0.469921875 0.35833333333333334 0.462109375 0.35833333333333334 0.459375 0.36319444444444443 0.46171875 0.3659722222222222 0.4640625 0.3729166666666667 0.4640625 0.38958333333333334 0.4625 0.3951388888888889 0.4625 0.40625 0.46875 0.42430555555555555 0.4703125 0.4395833333333333 0.4703125 0.45208333333333334 0.47109375 0.45208333333333334 0.47265625 0.4395833333333333 0.475 0.4326388888888889
1 0.52890625 0.4326388888888889 0.52265625 0.3993055555555556 0.5234375 0.36041666666666666 0.522265625 0.35694444444444445 0.517578125 0.35694444444444445 0.514453125 0.35833333333333334 0.5125 0.36319444444444443 0.515625 0.3701388888888889 0.515625 0.4048611111111111 0.52109375 0.4284722222222222 0.521875 0.4409722222222222 0.5203125 0.46875 0.52265625 0.4701388888888889 0.5265625 0.4534722222222222 0.52890625 0.4326388888888889
1 0.271875 0.43125 0.2640625 0.39791666666666664 0.26640625 0.36319444444444443 0.262109375 0.3597222222222222 0.253125 0.36319444444444443 0.25703125 0.39791666666666664 0.25 0.42291666666666666 0.25 0.45069444444444445 0.255078125 0.4708333333333333 0.26484375 0.47152777777777777 0.26875 0.4618055555555556 0.271875 0.43125
1 0.24140625 0.4395833333333333 0.23359375 0.40208333333333335 0.23515625 0.3659722222222222 0.226953125 0.3597222222222222 0.22421875 0.36319444444444443 0.22421875 0.4701388888888889 0.226171875 0.4777777777777778 0.23203125 0.47847222222222224 0.23828125 0.46458333333333335 0.24140625 0.4395833333333333
0 0.54375 0.5090277777777777 0.533203125 0.48194444444444445 0.518359375 0.4777777777777778 0.50546875 0.49236111111111114 0.5015625 0.50625 0.5015625 0.5215277777777778 0.50546875 0.5381944444444444 0.512890625 0.55 0.52890625 0.5534722222222223 0.540625 0.5354166666666667 0.54375 0.5090277777777777