1 0.03671875 0.46319444444444446 0.02578125 0.40902777777777777 0.02890625 0.3701388888888889 0.026171875 0.3597222222222222 0.019140625 0.35555555555555557 0.0109375 0.3659722222222222 0.01484375 0.41458333333333336 0.00859375 0.44513888888888886 0.0078125 0.4909722222222222 0.019921875 0.5194444444444445 0.025 0.5201388888888889 0.0328125 0.5118055555555555 0.03671875 0.46319444444444446
1 0.0796875 0.4576388888888889 0.0703125 0.40069444444444446 0.07265625 0.35625 0.062890625 0.3527777777777778 0.057421875 0.35555555555555557 0.05625 0.36180555555555555 0.0609375 0.4048611111111111 0.05234375 0.43819444444444444 0.0515625 0.4756944444444444 0.058984375 0.5097222222222222 0.07109375 0.5090277777777777 0.07890625 0.4826388888888889 0.0796875 0.4576388888888889
1 0.09296875 0.46319444444444446 0.09453125 0.4201388888888889 0.084375 0.3798611111111111 0.08515625 0.35625 0.075390625 0.3541666666666667 0.07109375 0.4048611111111111 0.07890625 0.44513888888888886 0.07890625 0.4840277777777778 0.084375 0.48680555555555555 0.0890625 0.48125 0.09296875 0.46319444444444446
1 0.12421875 0.4340277777777778 0.1140625 0.3923611111111111 0.11640625 0.35625 0.106640625 0.3527777777777778 0.10078125 0.3576388888888889 0.10390625 0.3923611111111111 0.0953125 0.4354166666666667 0.0953125 0.46458333333333335 0.104296875 0.49722222222222223 0.11484375 0.4979166666666667 0.12265625 0.47291666666666665 0.12421875 0.4340277777777778
1 0.1671875 0.43125 0.15703125 0.3840277777777778 0.15859375 0.35625 0.148828125 0.3527777777777778 0.14453125 0.35625 0.14765625 0.3840277777777778 0.13984375 0.41180555555555554 0.13828125 0.44930555555555557 0.14609375 0.4840277777777778 0.15859375 0.48680555555555555 0.16640625 0.4534722222222222 0.1671875 0.43125
1 0.375 0.42430555555555555 0.365625 0.3840277777777778 0.3671875 0.3548611111111111 0.355859375 0.3527777777777778 0.35390625 0.36319444444444443 0.35625 0.3798611111111111 0.3484375 0.41180555555555554 0.346875 0.4465277777777778 0.35390625 0.4826388888888889 0.36484375 0.48541666666666666 0.371875 0.4673611111111111 0.375 0.42430555555555555
1 0.40703125 0.46319444444444446 0.4078125 0.43819444444444444 0.3984375 0.39652777777777776 0.40078125 0.35625 0.387109375 0.3527777777777778 0.38515625 0.3645833333333333 0.3875 0.3923611111111111 0.37890625 0.42986111111111114 0.378125 0.4548611111111111 0.3859375 0.49375 0.39765625 0.4965277777777778 0.40078125 0.49375 0.40703125 0.46319444444444446
1 0.4390625 0.43819444444444444 0.43125 0.40347222222222223 0.43359375 0.3548611111111111 0.419921875 0.35138888888888886 0.41640625 0.3548611111111111 0.41875 0.40625 0.4109375 0.4423611111111111 0.41015625 0.46458333333333335 0.4171875 0.5020833333333333 0.419921875 0.5069444444444444 0.4328125 0.50625 0.440625 0.46875 0.4390625 0.43819444444444444
1 0.4734375 0.4840277777777778 0.4734375 0.4576388888888889 0.4640625 0.41458333333333336 0.46796875 0.36319444444444443 0.471875 0.35625 0.458203125 0.3527777777777778 0.45 0.3659722222222222 0.45234375 0.41458333333333336 0.44375 0.47708333333333336 0.4453125 0.4895833333333333 0.453125 0.5034722222222222 0.453125 0.5159722222222223 0.4640625 0.51875 0.46796875 0.5131944444444444 0.4734375 0.4840277777777778
1 0.5140625 0.4701388888888889 0.50546875 0.40625 0.509375 0.35625 0.503515625 0.35 0.49140625 0.3548611111111111 0.49375 0.40347222222222223 0.484375 0.44375 0.484375 0.46597222222222223 0.48984375 0.49930555555555556 0.492578125 0.5069444444444444 0.49921875 0.5076388888888889 0.5046875 0.5034722222222222 0.5140625 0.4701388888888889
1 0.553125 0.4618055555555556 0.55390625 0.4395833333333333 0.54375 0.3909722222222222 0.54609375 0.3548611111111111 0.532421875 0.35 0.53046875 0.3590277777777778 0.5328125 0.39375 0.5265625 0.4215277777777778 0.52421875 0.45069444444444445 0.53203125 0.49375 0.54375 0.4951388888888889 0.54765625 0.4909722222222222 0.553125 0.4618055555555556
1 0.5921875 0.42291666666666666 0.5828125 0.3784722222222222 0.584375 0.35347222222222224 0.572265625 0.35 0.5703125 0.35625 0.57265625 0.3784722222222222 0.56484375 0.41180555555555554 0.5640625 0.4465277777777778 0.56953125 0.47708333333333336 0.573046875 0.48333333333333334 0.58359375 0.4826388888888889 0.59140625 0.45069444444444445 0.5921875 0.42291666666666666
0 0.553125 0.6145833333333334 0.55546875 0.5840277777777778 0.55234375 0.5659722222222222 0.543359375 0.5486111111111112 0.533203125 0.5402777777777777 0.523828125 0.5402777777777777 0.510546875 0.5486111111111112 0.503125 0.5618055555555556 0.4984375 0.5798611111111112 0.4984375 0.6020833333333333 0.503125 0.6215277777777778 0.516015625 0.6402777777777777 0.5328125 0.6423611111111112 0.544140625 0.6333333333333333 0.553125 0.6145833333333334