1 0.39453125 0.43125 0.3953125 0.39375 0.40390625 0.3659722222222222 0.41953125 0.3423611111111111 0.409375 0.30069444444444443 0.41328125 0.21319444444444444 0.404296875 0.19444444444444445 0.396484375 0.19444444444444445 0.3875 0.20902777777777778 0.38984375 0.30069444444444443 0.37421875 0.3701388888888889 0.375 0.40625 0.384375 0.46319444444444446 0.388671875 0.4708333333333333 0.39921875 0.4701388888888889 0.40234375 0.4673611111111111 0.39453125 0.43125
1 0.3671875 0.40902777777777777 0.37109375 0.36180555555555555 0.3546875 0.27152777777777776 0.3578125 0.21736111111111112 0.35625 0.19236111111111112 0.352734375 0.18472222222222223 0.337890625 0.18333333333333332 0.3328125 0.18819444444444444 0.33125 0.19652777777777777 0.3359375 0.2798611111111111 0.32265625 0.33402777777777776 0.3203125 0.3729166666666667 0.33203125 0.44375 0.337109375 0.45 0.35390625 0.45069444444444445 0.359375 0.44513888888888886 0.3671875 0.40902777777777777
1 0.3078125 0.4173611111111111 0.31640625 0.3701388888888889 0.31796875 0.34097222222222223 0.3125 0.29930555555555555 0.30234375 0.2590277777777778 0.30234375 0.22569444444444445 0.30703125 0.18819444444444444 0.282421875 0.18472222222222223 0.2859375 0.2590277777777778 0.28203125 0.26319444444444445 0.26875 0.3215277777777778 0.26796875 0.36041666666666666 0.278125 0.42291666666666666 0.284765625 0.42916666666666664 0.296875 0.42986111111111114 0.302734375 0.42916666666666664 0.3078125 0.4173611111111111
1 0.2609375 0.37569444444444444 0.265625 0.31875 0.2609375 0.2798611111111111 0.25 0.23819444444444443 0.25234375 0.18541666666666667 0.237109375 0.18194444444444444 0.2296875 0.18541666666666667 0.23125 0.24097222222222223 0.2171875 0.30069444444444443 0.2171875 0.3423611111111111 0.22734375 0.40208333333333335 0.233203125 0.4097222222222222 0.246875 0.40902777777777777 0.2546875 0.40208333333333335 0.2609375 0.37569444444444444
1 0.49296875 0.37430555555555556 0.49140625 0.34375 0.478125 0.28680555555555554 0.48046875 0.19652777777777777 0.477734375 0.18611111111111112 0.458984375 0.18611111111111112 0.4546875 0.20208333333333334 0.45859375 0.28125 0.44609375 0.33541666666666664 0.4734375 0.3645833333333333 0.48125 0.3909722222222222 0.48359375 0.41180555555555554 0.4875 0.41458333333333336 0.4921875 0.40347222222222223 0.49296875 0.37430555555555556
1 0.56015625 0.39652777777777776 0.56484375 0.36180555555555555 0.56484375 0.3298611111111111 0.55 0.2604166666666667 0.55390625 0.18819444444444444 0.530078125 0.18472222222222223 0.52734375 0.19236111111111112 0.53203125 0.25625 0.51640625 0.32569444444444445 0.515625 0.36319444444444443 0.5265625 0.42569444444444443 0.533203125 0.43194444444444446 0.5484375 0.43125 0.553125 0.42569444444444443 0.56015625 0.39652777777777776
1 0.62890625 0.36041666666666666 0.63046875 0.3145833333333333 0.6265625 0.28680555555555554 0.61328125 0.23819444444444443 0.61640625 0.18958333333333333 0.596484375 0.1875 0.59609375 0.22013888888888888 0.6 0.23819444444444443 0.59609375 0.24375 0.584375 0.2965277777777778 0.5828125 0.34652777777777777 0.5875 0.38263888888888886 0.59453125 0.40902777777777777 0.6171875 0.41180555555555554 0.621875 0.40208333333333335 0.62890625 0.36041666666666666
1 0.42578125 0.2604166666666667 0.425 0.23819444444444443 0.4296875 0.18958333333333333 0.427734375 0.18472222222222223 0.406640625 0.18472222222222223 0.40390625 0.19236111111111112 0.41328125 0.21319444444444444 0.41015625 0.30069444444444443 0.41953125 0.3423611111111111 0.425 0.3423611111111111 0.440625 0.33402777777777776 0.42578125 0.2604166666666667
1 0.37109375 0.23680555555555555 0.37421875 0.18819444444444444 0.357421875 0.18472222222222223 0.3546875 0.2701388888888889 0.3734375 0.37430555555555556 0.3859375 0.30486111111111114 0.37109375 0.23680555555555555
1 0.5078125 0.31319444444444444 0.49375 0.2423611111111111 0.496875 0.18819444444444444 0.482421875 0.18472222222222223 0.4796875 0.18680555555555556 0.48125 0.22569444444444445 0.478125 0.28125 0.49140625 0.3451388888888889 0.49296875 0.38680555555555557 0.4890625 0.40625 0.4921875 0.41180555555555554 0.50546875 0.36180555555555555 0.5078125 0.31319444444444444
0 0.47734375 0.45625 0.4828125 0.42569444444444443 0.4828125 0.40625 0.478125 0.3784722222222222 0.469140625 0.35833333333333334 0.456640625 0.34444444444444444 0.435546875 0.3375 0.418359375 0.3472222222222222 0.40390625 0.3659722222222222 0.39453125 0.39791666666666664 0.39375 0.42430555555555555 0.4 0.45902777777777776 0.413671875 0.4847222222222222 0.436328125 0.5013888888888889 0.44375 0.5006944444444444 0.462109375 0.48333333333333334 0.47734375 0.45625