1 0.2828125 0.6134259259259259 0.2828125 0.5939814814814814 0.27447916666666666 0.5560185185185185 0.275 0.5152777777777777 0.26640625 0.5083333333333333 0.26197916666666665 0.5162037037037037 0.26458333333333334 0.5587962962962963 0.2598958333333333 0.5810185185185185 0.25833333333333336 0.6023148148148149 0.26510416666666664 0.6412037037037037 0.2669270833333333 0.6444444444444445 0.2755208333333333 0.6439814814814815 0.2786458333333333 0.6402777777777777 0.2828125 0.6134259259259259
1 0.2953125 0.5847222222222223 0.30052083333333335 0.5523148148148148 0.2984375 0.5162037037037037 0.3015625 0.5041666666666667 0.2986979166666667 0.4981481481481482 0.29244791666666664 0.49537037037037035 0.28854166666666664 0.5032407407407408 0.290625 0.5449074074074074 0.2859375 0.5717592592592593 0.28541666666666665 0.5902777777777778 0.2911458333333333 0.6208333333333333 0.2953125 0.6291666666666667 0.296875 0.6282407407407408 0.2953125 0.5847222222222223
1 0.3770833333333333 0.625462962962963 0.378125 0.5976851851851852 0.37552083333333336 0.5773148148148148 0.37083333333333335 0.5615740740740741 0.3703125 0.5171296296296296 0.36432291666666666 0.5120370370370371 0.3572916666666667 0.5199074074074074 0.35989583333333336 0.5615740740740741 0.3541666666666667 0.5791666666666667 0.353125 0.600462962962963 0.3546875 0.6199074074074075 0.3609375 0.6458333333333334 0.36380208333333336 0.65 0.37083333333333335 0.649537037037037 0.3734375 0.6458333333333334 0.3770833333333333 0.625462962962963
1 0.3494791666666667 0.6041666666666666 0.340625 0.5504629629629629 0.3411458333333333 0.5171296296296296 0.3377604166666667 0.5101851851851852 0.3346354166666667 0.5101851851851852 0.3299479166666667 0.5157407407407407 0.3255208333333333 0.5152777777777777 0.32864583333333336 0.5300925925925926 0.32708333333333334 0.5476851851851852 0.32916666666666666 0.5652777777777778 0.3234375 0.586574074074074 0.3234375 0.6060185185185185 0.33177083333333335 0.6449074074074074 0.3385416666666667 0.6476851851851851 0.34479166666666666 0.6421296296296296 0.3494791666666667 0.6041666666666666
1 0.3182291666666667 0.6199074074074075 0.3182291666666667 0.6032407407407407 0.3109375 0.5606481481481481 0.31145833333333334 0.5171296296296296 0.30859375 0.5111111111111111 0.30234375 0.5092592592592593 0.2984375 0.5208333333333334 0.3015625 0.5513888888888889 0.30052083333333335 0.5643518518518519 0.2953125 0.5847222222222223 0.2947916666666667 0.6041666666666666 0.3020833333333333 0.6430555555555556 0.31197916666666664 0.6449074074074074 0.3145833333333333 0.6412037037037037 0.3182291666666667 0.6199074074074075
1 0.35520833333333335 0.5347222222222222 0.3541666666666667 0.4949074074074074 0.35989583333333336 0.4837962962962963 0.35885416666666664 0.47638888888888886 0.35442708333333334 0.4722222222222222 0.34921875 0.47314814814814815 0.3463541666666667 0.4810185185185185 0.3484375 0.5226851851851851 0.34270833333333334 0.5513888888888889 0.3458333333333333 0.5763888888888888 0.3494791666666667 0.5671296296296297 0.35520833333333335 0.5347222222222222
1 0.32447916666666665 0.5069444444444444 0.32916666666666666 0.4949074074074074 0.32916666666666666 0.48842592592592593 0.32317708333333334 0.48333333333333334 0.3184895833333333 0.48518518518518516 0.31666666666666665 0.49027777777777776 0.31927083333333334 0.5347222222222222 0.31354166666666666 0.5662037037037037 0.3182291666666667 0.5884259259259259 0.3265625 0.5467592592592593 0.32447916666666665 0.5069444444444444
1 0.36614583333333334 0.4986111111111111 0.36432291666666666 0.4898148148148148 0.35703125 0.4861111111111111 0.3536458333333333 0.4912037037037037 0.35208333333333336 0.5097222222222222 0.3546875 0.5125 0.3606770833333333 0.5018518518518519 0.36614583333333334 0.4986111111111111
1 0.33359375 0.5101851851851852 0.3375 0.5097222222222222 0.33697916666666666 0.5023148148148148 0.33046875 0.4962962962962963 0.32734375 0.49722222222222223 0.3229166666666667 0.5087962962962963 0.3234375 0.5236111111111111 0.3260416666666667 0.5328703703703703 0.32760416666666664 0.5180555555555556 0.33359375 0.5101851851851852
1 0.3296875 0.5615740740740741 0.32578125 0.5407407407407407 0.31927083333333334 0.5837962962962963 0.3203125 0.6069444444444444 0.32135416666666666 0.6134259259259259 0.3234375 0.6134259259259259 0.32395833333333335 0.5958333333333333 0.3296875 0.5615740740740741
1 0.3536458333333333 0.5791666666666667 0.3578125 0.5606481481481481 0.3578125 0.5180555555555556 0.36484375 0.5111111111111111 0.3684895833333333 0.5148148148148148 0.3703125 0.5115740740740741 0.3692708333333333 0.5032407407407408 0.36223958333333334 0.487962962962963 0.359375 0.48842592592592593 0.35703125 0.49907407407407406 0.35260416666666666 0.5013888888888889 0.3536458333333333 0.5171296296296296 0.35625 0.5226851851851851 0.3541666666666667 0.5300925925925926 0.35520833333333335 0.5375 0.35208333333333336 0.5412037037037037 0.34921875 0.5546296296296296 0.3453125 0.5476851851851852 0.34479166666666666 0.5699074074074074 0.34739583333333335 0.5773148148148148 0.3489583333333333 0.5967592592592592 0.35052083333333334 0.5967592592592592 0.353125 0.5939814814814814 0.3536458333333333 0.5791666666666667