1 0.43020833333333336 0.39675925925925926 0.43072916666666666 0.3699074074074074 0.4239583333333333 0.3365740740740741 0.4203125 0.3282407407407407 0.4239583333333333 0.29953703703703705 0.4239583333333333 0.2810185185185185 0.41171875 0.27870370370370373 0.409375 0.2828703703703704 0.4088541666666667 0.29305555555555557 0.4119791666666667 0.32916666666666666 0.4036458333333333 0.36342592592592593 0.403125 0.3912037037037037 0.409375 0.425462962962963 0.41171875 0.42962962962962964 0.42135416666666664 0.42916666666666664 0.4239583333333333 0.4263888888888889 0.43020833333333336 0.39675925925925926
1 0.459375 0.41805555555555557 0.46197916666666666 0.4013888888888889 0.46197916666666666 0.38101851851851853 0.4557291666666667 0.34675925925925927 0.45260416666666664 0.3421296296296296 0.4557291666666667 0.28935185185185186 0.4518229166666667 0.2814814814814815 0.44557291666666665 0.28055555555555556 0.4421875 0.28379629629629627 0.4401041666666667 0.29305555555555557 0.4432291666666667 0.3421296296296296 0.4390625 0.35324074074074074 0.43385416666666665 0.3921296296296296 0.4348958333333333 0.4078703703703704 0.440625 0.4356481481481482 0.44947916666666665 0.4393518518518518 0.4552083333333333 0.43472222222222223 0.459375 0.41805555555555557
1 0.490625 0.4412037037037037 0.4947916666666667 0.4162037037037037 0.4953125 0.3976851851851852 0.4859375 0.3439814814814815 0.4875 0.300462962962963 0.48359375 0.2916666666666667 0.4778645833333333 0.28888888888888886 0.471875 0.300462962962963 0.4739583333333333 0.34953703703703703 0.4661458333333333 0.38935185185185184 0.4661458333333333 0.4060185185185185 0.47239583333333335 0.4439814814814815 0.4752604166666667 0.45 0.48020833333333335 0.45046296296296295 0.4856770833333333 0.44907407407407407 0.490625 0.4412037037037037
1 0.528125 0.399537037037037 0.5255208333333333 0.37546296296296294 0.5197916666666667 0.34953703703703703 0.521875 0.3060185185185185 0.51328125 0.2962962962962963 0.5075520833333333 0.3 0.5052083333333334 0.30694444444444446 0.5072916666666667 0.35694444444444445 0.5020833333333333 0.37824074074074077 0.49895833333333334 0.4125 0.5010416666666667 0.43472222222222223 0.5057291666666667 0.45601851851851855 0.5091145833333334 0.45925925925925926 0.51875 0.4587962962962963 0.5265625 0.43287037037037035 0.528125 0.399537037037037
1 0.56484375 0.42314814814814816 0.5677083333333334 0.4115740740740741 0.5661458333333333 0.38287037037037036 0.5583333333333333 0.35138888888888886 0.5598958333333334 0.29953703703703705 0.5533854166666666 0.28888888888888886 0.54921875 0.28888888888888886 0.5447916666666667 0.2986111111111111 0.5473958333333333 0.34305555555555556 0.5385416666666667 0.38935185185185184 0.5390625 0.4125 0.540625 0.42268518518518516 0.5427083333333333 0.4236111111111111 0.54921875 0.4203703703703704 0.56484375 0.42314814814814816
1 0.6046875 0.42083333333333334 0.6067708333333334 0.38287037037037036 0.6041666666666666 0.3625 0.5979166666666667 0.3421296296296296 0.5989583333333334 0.2884259259259259 0.5966145833333333 0.2814814814814815 0.58984375 0.2796296296296296 0.5848958333333333 0.28564814814814815 0.5838541666666667 0.29212962962962963 0.5869791666666667 0.3421296296296296 0.5791666666666667 0.3680555555555556 0.578125 0.39861111111111114 0.584375 0.4337962962962963 0.58828125 0.4398148148148148 0.5973958333333333 0.44027777777777777 0.6010416666666667 0.4356481481481482 0.6046875 0.42083333333333334
1 0.64375 0.399537037037037 0.6447916666666667 0.3699074074074074 0.6369791666666667 0.33101851851851855 0.6385416666666667 0.2810185185185185 0.6361979166666667 0.27685185185185185 0.6309895833333333 0.2759259259259259 0.6247395833333333 0.2777777777777778 0.6234375 0.2828703703703704 0.6260416666666667 0.3300925925925926 0.6182291666666667 0.36157407407407405 0.6177083333333333 0.3912037037037037 0.6244791666666667 0.4263888888888889 0.62734375 0.42962962962962964 0.6359375 0.42916666666666664 0.6395833333333333 0.42268518518518516 0.64375 0.399537037037037
1 0.5015625 0.3773148148148148 0.49895833333333334 0.34953703703703703 0.49166666666666664 0.32731481481481484 0.4953125 0.28379629629629627 0.49244791666666665 0.27870370370370373 0.4825520833333333 0.27870370370370373 0.48072916666666665 0.2875 0.4875 0.30416666666666664 0.4859375 0.3458333333333333 0.49322916666666666 0.3819444444444444 0.4947916666666667 0.4060185185185185 0.4984375 0.399537037037037 0.5015625 0.3773148148148148
1 0.5354166666666667 0.3773148148148148 0.525 0.33564814814814814 0.5276041666666667 0.30787037037037035 0.5270833333333333 0.2865740740740741 0.5221354166666666 0.2796296296296296 0.51796875 0.2796296296296296 0.5135416666666667 0.2847222222222222 0.5130208333333334 0.29583333333333334 0.5213541666666667 0.3060185185185185 0.5197916666666667 0.34953703703703703 0.525 0.36435185185185187 0.528125 0.39675925925925926 0.5270833333333333 0.42268518518518516 0.5296875 0.42824074074074076 0.5338541666666666 0.4115740740740741 0.5354166666666667 0.3773148148148148
1 0.5734375 0.37083333333333335 0.5640625 0.3282407407407407 0.5661458333333333 0.2791666666666667 0.5528645833333333 0.2777777777777778 0.5510416666666667 0.2865740740740741 0.5578125 0.2949074074074074 0.559375 0.30416666666666664 0.5583333333333333 0.350462962962963 0.5692708333333333 0.4060185185185185 0.5734375 0.38657407407407407 0.5734375 0.37083333333333335
0 0.5729166666666666 0.5023148148148148 0.5807291666666666 0.4810185185185185 0.58125 0.46064814814814814 0.575 0.4393518518518518 0.5684895833333333 0.42685185185185187 0.5643229166666667 0.4222222222222222 0.5528645833333333 0.41944444444444445 0.5440104166666667 0.4222222222222222 0.5375 0.4310185185185185 0.5291666666666667 0.449537037037037 0.5265625 0.46064814814814814 0.5265625 0.47453703703703703 0.5286458333333334 0.48935185185185187 0.5372395833333333 0.5083333333333333 0.54453125 0.5148148148148148 0.5557291666666667 0.5180555555555556 0.56640625 0.5120370370370371 0.5729166666666666 0.5023148148148148