1 0.33958333333333335 1 0.3463541666666667 0.9791666666666666 0.34739583333333335 0.9569444444444445 0.3359375 0.9162037037037037 0.3375 0.8717592592592592 0.33307291666666666 0.8592592592592593 0.32838541666666665 0.8583333333333333 0.32135416666666666 0.8708333333333333 0.32447916666666665 0.9189814814814815 0.3171875 0.9476851851851852 0.31614583333333335 0.9680555555555556 0.32265625 1 0.33958333333333335 1
1 0.453125 1 0.4557291666666667 0.9976851851851852 0.4578125 0.9689814814814814 0.4557291666666667 0.9513888888888888 0.44947916666666665 0.9328703703703703 0.45260416666666664 0.8856481481481482 0.44973958333333336 0.875 0.4434895833333333 0.8722222222222222 0.4390625 0.8773148148148148 0.4375 0.8847222222222222 0.4390625 0.9328703703703703 0.4354166666666667 0.9402777777777778 0.43125 0.9643518518518519 0.43020833333333336 0.9912037037037037 0.43255208333333334 1 0.453125 1
1 0.4739583333333333 0.8662037037037037 0.47708333333333336 0.8476851851851852 0.47760416666666666 0.8273148148148148 0.4703125 0.7958333333333333 0.4713541666666667 0.7560185185185185 0.46953125 0.75 0.46588541666666666 0.7490740740740741 0.4627604166666667 0.7509259259259259 0.45989583333333334 0.7587962962962963 0.46041666666666664 0.7967592592592593 0.4546875 0.825462962962963 0.45364583333333336 0.8449074074074074 0.4588541666666667 0.8763888888888889 0.4671875 0.8800925925925925 0.4713541666666667 0.875462962962963 0.4739583333333333 0.8662037037037037
1 0.37916666666666665 0.8236111111111111 0.37083333333333335 0.7949074074074074 0.371875 0.7523148148148148 0.3690104166666667 0.7472222222222222 0.36432291666666666 0.7462962962962963 0.35989583333333336 0.7578703703703704 0.3614583333333333 0.7958333333333333 0.35572916666666665 0.8245370370370371 0.35520833333333335 0.8375 0.3609375 0.8717592592592592 0.36432291666666666 0.8768518518518519 0.36770833333333336 0.8763888888888889 0.37447916666666664 0.8662037037037037 0.37916666666666665 0.8236111111111111
1 0.40208333333333335 0.7680555555555556 0.40572916666666664 0.7319444444444444 0.3984375 0.7069444444444445 0.39895833333333336 0.6708333333333333 0.3966145833333333 0.6666666666666666 0.3919270833333333 0.6666666666666666 0.3885416666666667 0.6763888888888889 0.39010416666666664 0.7060185185185185 0.384375 0.7328703703703704 0.384375 0.7486111111111111 0.3880208333333333 0.7726851851851851 0.3919270833333333 0.7777777777777778 0.3958333333333333 0.7773148148148148 0.3997395833333333 0.775 0.40208333333333335 0.7680555555555556
1 0.4895833333333333 0.7393518518518518 0.48385416666666664 0.7180555555555556 0.484375 0.6773148148148148 0.48203125 0.6722222222222223 0.4783854166666667 0.6712962962962963 0.475 0.6782407407407407 0.47552083333333334 0.7125 0.4708333333333333 0.7328703703703704 0.46979166666666666 0.749537037037037 0.47239583333333335 0.7800925925925926 0.47630208333333335 0.7842592592592592 0.4828125 0.7837962962962963 0.4864583333333333 0.7717592592592593 0.4895833333333333 0.7393518518518518
1 0.4265625 0.6606481481481481 0.42135416666666664 0.6347222222222222 0.421875 0.6069444444444444 0.41901041666666666 0.5990740740740741 0.4153645833333333 0.5981481481481481 0.4119791666666667 0.6060185185185185 0.4119791666666667 0.6365740740740741 0.4078125 0.6662037037037037 0.4114583333333333 0.6930555555555555 0.41770833333333335 0.6958333333333333 0.4234375 0.6893518518518519 0.4265625 0.6606481481481481
1 0.49635416666666665 0.6726851851851852 0.49583333333333335 0.6550925925925926 0.4921875 0.638425925925926 0.49270833333333336 0.611574074074074 0.4903645833333333 0.6027777777777777 0.48671875 0.6027777777777777 0.48385416666666664 0.6087962962962963 0.48385416666666664 0.6421296296296296 0.4791666666666667 0.6671296296296296 0.484375 0.6800925925925926 0.484375 0.6976851851851852 0.48854166666666665 0.6995370370370371 0.49322916666666666 0.6939814814814815 0.49635416666666665 0.6726851851851852
1 0.4421875 0.5986111111111111 0.43802083333333336 0.5791666666666667 0.43802083333333336 0.5504629629629629 0.4315104166666667 0.5472222222222223 0.4270833333333333 0.6143518518518518 0.42864583333333334 0.6282407407407408 0.43203125 0.6324074074074074 0.4359375 0.6319444444444444 0.44166666666666665 0.6217592592592592 0.4421875 0.5986111111111111
1 0.5041666666666667 0.5986111111111111 0.5010416666666667 0.5828703703703704 0.5015625 0.5578703703703703 0.49765625 0.549074074074074 0.49375 0.5532407407407407 0.49322916666666666 0.5837962962962963 0.4890625 0.600462962962963 0.49166666666666664 0.6069444444444444 0.49270833333333336 0.6328703703703704 0.49947916666666664 0.6347222222222222 0.503125 0.6273148148148148 0.5041666666666667 0.5986111111111111
1 0.45208333333333334 0.5504629629629629 0.44947916666666665 0.5310185185185186 0.44947916666666665 0.5087962962962963 0.44765625 0.5046296296296297 0.4434895833333333 0.5046296296296297 0.44166666666666665 0.5097222222222222 0.4421875 0.5319444444444444 0.43854166666666666 0.5486111111111112 0.43854166666666666 0.5597222222222222 0.4401041666666667 0.5745370370370371 0.44296875 0.5787037037037037 0.4473958333333333 0.5782407407407407 0.4505208333333333 0.5736111111111111 0.45208333333333334 0.5504629629629629
1 0.4625 0.513425925925926 0.45989583333333334 0.49953703703703706 0.459375 0.47453703703703703 0.45546875 0.4722222222222222 0.453125 0.47824074074074074 0.44947916666666665 0.5180555555555556 0.4515625 0.5393518518518519 0.45729166666666665 0.5412037037037037 0.46041666666666664 0.5375 0.4625 0.513425925925926
1 0.5109375 0.5578703703703703 0.5083333333333333 0.5375 0.5098958333333333 0.5162037037037037 0.5059895833333333 0.5055555555555555 0.5010416666666667 0.5152777777777777 0.49895833333333334 0.5513888888888889 0.5010416666666667 0.5837962962962963 0.50234375 0.587037037037037 0.5067708333333333 0.586574074074074 0.509375 0.5782407407407407 0.5109375 0.5578703703703703
1 0.46822916666666664 0.48657407407407405 0.4661458333333333 0.475462962962963 0.4661458333333333 0.45416666666666666 0.4627604166666667 0.45092592592592595 0.45989583333333334 0.4550925925925926 0.4588541666666667 0.500462962962963 0.4635416666666667 0.5143518518518518 0.4666666666666667 0.5097222222222222 0.46822916666666664 0.48657407407407405
1 0.4817708333333333 0.45046296296296295 0.48125 0.41805555555555557 0.48072916666666665 0.41712962962962963 0.48072916666666665 0.4115740740740741 0.47890625 0.4083333333333333 0.47630208333333335 0.4101851851851852 0.47552083333333334 0.4125 0.475 0.4263888888888889 0.47291666666666665 0.4356481481481482 0.47239583333333335 0.4449074074074074 0.471875 0.44583333333333336 0.47239583333333335 0.45416666666666666 0.4739583333333333 0.4615740740740741 0.4747395833333333 0.46296296296296297 0.4786458333333333 0.4625 0.48072916666666665 0.4587962962962963 0.4817708333333333 0.45046296296296295
1 0.4734375 0.47453703703703703 0.4734375 0.4587962962962963 0.471875 0.45046296296296295 0.471875 0.43287037037037035 0.4700520833333333 0.4287037037037037 0.4669270833333333 0.42777777777777776 0.46510416666666665 0.43194444444444446 0.46510416666666665 0.45231481481481484 0.46458333333333335 0.4532407407407407 0.465625 0.45787037037037037 0.465625 0.47638888888888886 0.4666666666666667 0.48564814814814816 0.4708333333333333 0.48564814814814816 0.47239583333333335 0.48194444444444445 0.4734375 0.47453703703703703
1 0.4869791666666667 0.4337962962962963 0.4869791666666667 0.4263888888888889 0.4875 0.425462962962963 0.4875 0.4078703703703704 0.4869791666666667 0.40694444444444444 0.4869791666666667 0.4023148148148148 0.4859375 0.39675925925925926 0.4830729166666667 0.3925925925925926 0.48020833333333335 0.3976851851851852 0.48020833333333335 0.4115740740740741 0.4796875 0.4125 0.4796875 0.4300925925925926 0.48020833333333335 0.4310185185185185 0.48072916666666665 0.4375 0.4822916666666667 0.44305555555555554 0.4828125 0.44305555555555554 0.4859375 0.4375 0.4869791666666667 0.4337962962962963
1 0.509375 0.46620370370370373 0.5083333333333333 0.4634259259259259 0.5083333333333333 0.46064814814814814 0.5065104166666666 0.4583333333333333 0.50625 0.4689814814814815 0.5078125 0.4689814814814815 0.5091145833333334 0.4685185185185185 0.509375 0.46620370370370373
1 0.5161458333333333 0.4625 0.5161458333333333 0.4587962962962963 0.5151041666666667 0.4550925925925926 0.5151041666666667 0.4449074074074074 0.5161458333333333 0.4412037037037037 0.5161458333333333 0.4356481481481482 0.515625 0.43287037037037035 0.5138020833333333 0.4305555555555556 0.51015625 0.4305555555555556 0.5088541666666667 0.43287037037037035 0.5088541666666667 0.4356481481481482 0.5083333333333333 0.43657407407407406 0.5078125 0.45046296296296295 0.50859375 0.4527777777777778 0.5109375 0.45416666666666666 0.5104166666666666 0.47453703703703703 0.51171875 0.475 0.5135416666666667 0.47824074074074074 0.5135416666666667 0.4810185185185185 0.5140625 0.4810185185185185 0.5145833333333333 0.47175925925925927 0.5161458333333333 0.4625