1 0.49586776859504134 0.5069444444444444 0.46487603305785125 0.4013888888888889 0.4690082644628099 0.2847222222222222 0.45764462809917356 0.2638888888888889 0.4369834710743802 0.25833333333333336 0.4152892561983471 0.2902777777777778 0.42355371900826444 0.3763888888888889 0.39462809917355374 0.47638888888888886 0.3925619834710744 0.5291666666666667 0.4152892561983471 0.6208333333333333 0.4287190082644628 0.6333333333333333 0.45454545454545453 0.6319444444444444 0.4731404958677686 0.6041666666666666 0.49586776859504134 0.5069444444444444
1 0.1921487603305785 0.3819444444444444 0.15495867768595042 0.2902777777777778 0.15082644628099173 0.2013888888888889 0.125 0.17777777777777778 0.10330578512396695 0.2013888888888889 0.11776859504132231 0.27361111111111114 0.10330578512396695 0.4125 0.13429752066115702 0.5041666666666667 0.14566115702479338 0.5166666666666667 0.16735537190082644 0.5152777777777777 0.18801652892561985 0.4875 0.1921487603305785 0.3819444444444444
1 0.27892561983471076 0.42916666666666664 0.24173553719008264 0.3125 0.24173553719008264 0.2263888888888889 0.22830578512396693 0.20833333333333334 0.2097107438016529 0.20555555555555555 0.1921487603305785 0.2375 0.2066115702479339 0.3263888888888889 0.19008264462809918 0.4013888888888889 0.18801652892561985 0.4513888888888889 0.21694214876033058 0.5458333333333333 0.25206611570247933 0.5541666666666667 0.26859504132231404 0.5347222222222222 0.27892561983471076 0.42916666666666664
1 0.3884297520661157 0.47638888888888886 0.35330578512396693 0.35694444444444445 0.35330578512396693 0.2513888888888889 0.33987603305785125 0.23333333333333334 0.32334710743801653 0.23055555555555557 0.3037190082644628 0.25972222222222224 0.3140495867768595 0.3597222222222222 0.2892561983471074 0.4708333333333333 0.31611570247933884 0.5791666666666667 0.34297520661157027 0.5930555555555556 0.365702479338843 0.5819444444444445 0.3884297520661157 0.47638888888888886
1 0.26859504132231404 0.2513888888888889 0.2706611570247934 0.17916666666666667 0.24483471074380164 0.15555555555555556 0.22727272727272727 0.1736111111111111 0.22520661157024793 0.2013888888888889 0.24173553719008264 0.22361111111111112 0.24380165289256198 0.32083333333333336 0.2768595041322314 0.40694444444444444 0.28512396694214875 0.47638888888888886 0.3037190082644628 0.36527777777777776 0.26859504132231404 0.2513888888888889
1 0.371900826446281 0.28194444444444444 0.3760330578512397 0.2013888888888889 0.36260330578512395 0.18055555555555555 0.3481404958677686 0.17777777777777778 0.3285123966942149 0.2125 0.35537190082644626 0.2569444444444444 0.3512396694214876 0.34305555555555556 0.390495867768595 0.4708333333333333 0.4049586776859504 0.40694444444444444 0.371900826446281 0.28194444444444444
1 0.3925619834710744 0.2375 0.39669421487603307 0.15694444444444444 0.3853305785123967 0.1361111111111111 0.36673553719008267 0.13333333333333333 0.35330578512396693 0.15416666666666667 0.35330578512396693 0.1763888888888889 0.3760330578512397 0.2013888888888889 0.3739669421487603 0.29583333333333334 0.4090909090909091 0.40694444444444444 0.41735537190082644 0.3236111111111111 0.3925619834710744 0.2375
1 0.5144628099173554 0.37916666666666665 0.493801652892562 0.3375 0.49586776859504134 0.22083333333333333 0.4865702479338843 0.20555555555555555 0.4659090909090909 0.2 0.45041322314049587 0.22083333333333333 0.44834710743801653 0.24861111111111112 0.4690082644628099 0.28194444444444444 0.46487603305785125 0.39861111111111114 0.5 0.5097222222222222 0.5144628099173554 0.45416666666666666 0.5144628099173554 0.37916666666666665
1 0.4824380165289256 0.1527777777777778 0.46797520661157027 0.15833333333333333 0.45661157024793386 0.17916666666666667 0.45867768595041325 0.20416666666666666 0.47830578512396693 0.2 0.49586776859504134 0.21805555555555556 0.5 0.17083333333333334 0.4824380165289256 0.1527777777777778
1 0.49793388429752067 0.12361111111111112 0.4865702479338843 0.11388888888888889 0.4700413223140496 0.11944444444444445 0.4607438016528926 0.1375 0.4628099173553719 0.1625 0.48863636363636365 0.15555555555555556 0.5 0.16805555555555557 0.5041322314049587 0.14027777777777778 0.49793388429752067 0.12361111111111112
0 0.9421487603305785 0.8513888888888889 0.9566115702479339 0.8013888888888889 0.9545454545454546 0.7458333333333333 0.9338842975206612 0.6902777777777778 0.9080578512396694 0.6611111111111111 0.868801652892562 0.6416666666666667 0.8274793388429752 0.6444444444444445 0.7944214876033058 0.6666666666666666 0.768595041322314 0.7069444444444445 0.7582644628099173 0.7458333333333333 0.7603305785123967 0.8069444444444445 0.7789256198347108 0.8541666666666666 0.8109504132231405 0.8916666666666667 0.84400826446281 0.9083333333333333 0.878099173553719 0.9069444444444444 0.9101239669421488 0.8916666666666667 0.9421487603305785 0.8513888888888889