1 0.5095 0.5605 0.523 0.4665 0.5225 0.4475 0.5265 0.4315 0.527 0.3985 0.525 0.3535 0.52 0.3165 0.496 0.2195 0.4935 0.1655 0.4975 0.0725 0.496 0.0425 0.493 0.0285 0.48475 0.013 0.46975 0.008 0.45875 0.017 0.453 0.0295 0.45 0.0475 0.4515 0.0955 0.4575 0.1415 0.46 0.2095 0.4555 0.2535 0.441 0.3345 0.439 0.3625 0.4395 0.4095 0.441 0.4385 0.4455 0.4705 0.4665 0.5685 0.46975 0.573 0.4845 0.5735 0.50475 0.57 0.5095 0.5605
1 0.5845 0.5275 0.5975 0.4325 0.5985 0.3635 0.5935 0.3075 0.5755 0.2395 0.5695 0.1975 0.5695 0.1495 0.573 0.0915 0.572 0.0625 0.56225 0.038 0.54875 0.032 0.53825 0.04 0.532 0.0545 0.5295 0.0705 0.531 0.1075 0.539 0.1725 0.54 0.2205 0.53 0.2745 0.523 0.3305 0.5275 0.3745 0.5275 0.4445 0.538 0.5025 0.54725 0.535 0.5645 0.5365 0.57775 0.535 0.5845 0.5275
1 0.694 0.4705 0.704 0.3965 0.7055 0.3525 0.701 0.3035 0.6815 0.2205 0.6805 0.1645 0.683 0.1335 0.6825 0.0945 0.67525 0.074 0.66875 0.069 0.66175 0.069 0.6525 0.0785 0.6475 0.0995 0.6485 0.1275 0.6565 0.2065 0.6545 0.2375 0.646 0.2835 0.652 0.3195 0.6545 0.3505 0.652 0.4415 0.66075 0.483 0.676 0.4855 0.68975 0.483 0.694 0.4705
1 0.643 0.4885 0.6525 0.4155 0.654 0.3505 0.652 0.3235 0.6445 0.2795 0.629 0.2205 0.627 0.1965 0.631 0.1045 0.6295 0.0775 0.62075 0.058 0.60775 0.054 0.598 0.0645 0.5925 0.0855 0.594 0.1265 0.5995 0.1575 0.5985 0.1725 0.601 0.1965 0.5995 0.2345 0.5905 0.2825 0.5905 0.2915 0.5965 0.3235 0.5995 0.3635 0.5995 0.4135 0.596 0.4635 0.60625 0.508 0.628 0.5095 0.63925 0.506 0.643 0.4885
1 0.52 0.2515 0.5165 0.2275 0.519 0.1145 0.517 0.1015 0.51175 0.089 0.49825 0.082 0.4945 0.1335 0.4945 0.1985 0.4995 0.2365 0.522 0.3195 0.528 0.2815 0.52 0.2515
1 0.456 0.5265 0.442 0.4505 0.4385 0.3895 0.441 0.3305 0.453 0.2615 0.448 0.2215 0.451 0.1025 0.449 0.0895 0.44075 0.073 0.42725 0.068 0.41775 0.078 0.4115 0.0995 0.412 0.1295 0.4185 0.1805 0.421 0.2275 0.4195 0.2515 0.4045 0.3295 0.402 0.3855 0.4065 0.4395 0.425 0.5285 0.42825 0.532 0.445 0.5315 0.45225 0.531 0.456 0.5265
1 0.38125 0.558 0.3835 0.5515 0.3965 0.4625 0.3995 0.3965 0.3975 0.3645 0.3925 0.3305 0.3725 0.2515 0.368 0.2135 0.3725 0.1195 0.3715 0.0825 0.368 0.0675 0.36125 0.055 0.34775 0.049 0.33725 0.057 0.332 0.0685 0.3285 0.0875 0.33 0.1265 0.3365 0.1775 0.339 0.2215 0.3365 0.2535 0.3265 0.3065 0.3215 0.3455 0.3395 0.4245 0.345 0.4635 0.349 0.5105 0.349 0.5595 0.35325 0.564 0.3595 0.5635 0.37675 0.561 0.38125 0.558
1 0.3335 0.2745 0.339 0.2215 0.329 0.1095 0.32575 0.099 0.315 0.1105 0.311 0.1295 0.3115 0.1565 0.3185 0.2235 0.3185 0.2665 0.3105 0.3065 0.3105 0.3155 0.319 0.3375 0.322 0.3345 0.3335 0.2745
1 0.2635 0.2075 0.263 0.1805 0.2655 0.1475 0.2645 0.1135 0.2615 0.1005 0.25525 0.089 0.24725 0.083 0.23925 0.084 0.2285 0.0985 0.224 0.1215 0.23 0.2045 0.23225 0.212 0.24475 0.228 0.2595 0.2395 0.262 0.2355 0.2635 0.2075
1 0.173 0.1415 0.17 0.1285 0.16125 0.115 0.15475 0.112 0.14675 0.115 0.14225 0.12 0.137 0.1335 0.1355 0.1595 0.1375 0.1885 0.139 0.1985 0.14125 0.203 0.1445 0.2025 0.172 0.1935 0.173 0.1415
0 1 0.1735 0.98425 0.161 0.95925 0.154 0.93075 0.155 0.87675 0.176 0.85675 0.191 0.83125 0.221 0.8135 0.2545 0.802 0.2895 0.792 0.3345 0.789 0.3835 0.7885 0.4435 0.7925 0.4855 0.80025 0.499 0.81825 0.51 0.822 0.5175 0.8285 0.5485 0.841 0.5825 0.87025 0.634 0.89575 0.656 0.90575 0.661 0.922 0.6615 0.93725 0.658 0.95975 0.646 0.97725 0.622 0.99075 0.613 1 0.5965 1 0.1735
0 0 0.4965 0.01575 0.498 0.02 0.5025 0.01275 0.523 0.00825 0.523 0.002 0.5335 0.002 0.5455 0 0.5495 0.004 0.5535 0.00625 0.566 0.01775 0.569 0.027 0.5805 0.028 0.6525 0.0345 0.7175 0.037 0.7285 0.045 0.7405 0.05625 0.77 0.06325 0.776 0.08775 0.818 0.11875 0.862 0.13575 0.88 0.16075 0.893 0.194 0.8925 0.21975 0.88 0.25325 0.848 0.28525 0.803 0.303 0.7695 0.3255 0.7065 0.3345 0.6715 0.3415 0.6185 0.3475 0.5285 0.3415 0.4545 0.335 0.4135 0.3255 0.3715 0.3025 0.3075 0.28625 0.273 0.27025 0.252 0.25175 0.239 0.22375 0.209 0.21175 0.203 0.17425 0.196 0.14575 0.208 0.13525 0.208 0.10575 0.227 0.07225 0.257 0.047 0.2985 0.0445 0.3125 0.039 0.3245 0.0365 0.3455 0.032 0.3605 0.01475 0.377 0.011 0.3855 0.015 0.3925 0 0.4065 0 0.4965