1 0.34 0.5239583333333333 0.3441666666666667 0.403125 0.32916666666666666 0.2947916666666667 0.3325 0.153125 0.3254166666666667 0.12916666666666668 0.3120833333333333 0.12291666666666666 0.30333333333333334 0.13645833333333332 0.30083333333333334 0.15520833333333334 0.3025 0.25104166666666666 0.3 0.2552083333333333 0.3025 0.25729166666666664 0.30416666666666664 0.28854166666666664 0.3025 0.31354166666666666 0.28833333333333333 0.384375 0.28583333333333333 0.471875 0.2991666666666667 0.5822916666666667 0.30625 0.5958333333333333 0.32 0.5947916666666667 0.33166666666666667 0.5822916666666667 0.34 0.5239583333333333
1 0.395 0.5739583333333333 0.3958333333333333 0.4864583333333333 0.4 0.43020833333333336 0.385 0.33645833333333336 0.3883333333333333 0.178125 0.38208333333333333 0.15625 0.3729166666666667 0.14791666666666667 0.36041666666666666 0.16041666666666668 0.35583333333333333 0.18229166666666666 0.3591666666666667 0.3302083333333333 0.3441666666666667 0.4197916666666667 0.3416666666666667 0.534375 0.355 0.6302083333333334 0.3595833333333333 0.6395833333333333 0.38166666666666665 0.6385416666666667 0.3875 0.6260416666666667 0.395 0.5739583333333333
1 0.4766666666666667 0.3802083333333333 0.4716666666666667 0.23645833333333333 0.4766666666666667 0.203125 0.4766666666666667 0.159375 0.47041666666666665 0.1375 0.46375 0.13125 0.4529166666666667 0.13541666666666666 0.44583333333333336 0.159375 0.44916666666666666 0.28854166666666664 0.44083333333333335 0.353125 0.44166666666666665 0.37604166666666666 0.46 0.490625 0.47583333333333333 0.403125 0.4766666666666667 0.3802083333333333
1 0.455 0.5864583333333333 0.4575 0.484375 0.45166666666666666 0.4322916666666667 0.43666666666666665 0.3572916666666667 0.44416666666666665 0.20729166666666668 0.4370833333333333 0.17916666666666667 0.42875 0.17083333333333334 0.41875 0.175 0.41 0.20520833333333333 0.415 0.3572916666666667 0.40166666666666667 0.43020833333333336 0.3958333333333333 0.5052083333333334 0.39666666666666667 0.5739583333333333 0.405 0.6260416666666667 0.4245833333333333 0.6 0.455 0.5864583333333333
1 0.5216666666666666 0.534375 0.5158333333333334 0.478125 0.5025 0.403125 0.5083333333333333 0.240625 0.50375 0.2125 0.4895833333333333 0.19791666666666666 0.47791666666666666 0.21041666666666667 0.47333333333333333 0.234375 0.4766666666666667 0.39895833333333336 0.4608333333333333 0.4864583333333333 0.45666666666666667 0.5802083333333333 0.45958333333333334 0.5916666666666667 0.48541666666666666 0.6166666666666667 0.5108333333333334 0.6760416666666667 0.5208333333333334 0.6052083333333333 0.5216666666666666 0.534375
1 0.6066666666666667 0.659375 0.6183333333333333 0.5697916666666667 0.6191666666666666 0.5114583333333333 0.6158333333333333 0.465625 0.6008333333333333 0.3697916666666667 0.605 0.209375 0.59875 0.18541666666666667 0.5854166666666667 0.17916666666666667 0.575 0.19479166666666667 0.5716666666666667 0.21770833333333334 0.575 0.3697916666666667 0.5566666666666666 0.48020833333333335 0.555 0.5427083333333333 0.5591666666666667 0.6010416666666667 0.57 0.678125 0.5779166666666666 0.6895833333333333 0.5908333333333333 0.690625 0.60125 0.6854166666666667 0.6066666666666667 0.659375
1 0.5483333333333333 0.5614583333333333 0.5525 0.46979166666666666 0.5483333333333333 0.4197916666666667 0.535 0.3385416666666667 0.5391666666666667 0.184375 0.5329166666666667 0.16041666666666668 0.51875 0.15416666666666667 0.5108333333333334 0.165625 0.5058333333333334 0.19479166666666667 0.51 0.334375 0.5033333333333333 0.37604166666666666 0.5033333333333333 0.403125 0.5216666666666666 0.5239583333333333 0.5225 0.5802083333333333 0.5183333333333333 0.640625 0.5308333333333334 0.6447916666666667 0.5375 0.6322916666666667 0.5483333333333333 0.5614583333333333
1 0.6383333333333333 0.540625 0.6425 0.503125 0.6433333333333333 0.44479166666666664 0.6266666666666667 0.31354166666666666 0.6308333333333334 0.165625 0.62125 0.13958333333333334 0.61125 0.1375 0.6025 0.153125 0.5991666666666666 0.171875 0.6066666666666667 0.22604166666666667 0.6008333333333333 0.35520833333333335 0.6191666666666666 0.49270833333333336 0.62 0.553125 0.615 0.609375 0.6241666666666666 0.6114583333333333 0.6283333333333333 0.603125 0.6383333333333333 0.540625
1 0.7041666666666667 0.5822916666666667 0.71 0.521875 0.71 0.478125 0.7066666666666667 0.4322916666666667 0.6925 0.35520833333333335 0.6966666666666667 0.19270833333333334 0.6895833333333333 0.16875 0.6745833333333333 0.16458333333333333 0.6658333333333334 0.18229166666666666 0.6633333333333333 0.203125 0.6666666666666666 0.346875 0.6483333333333333 0.453125 0.6466666666666666 0.5197916666666667 0.6491666666666667 0.5572916666666666 0.6633333333333333 0.6510416666666666 0.6841666666666667 0.6572916666666667 0.6933333333333334 0.6489583333333333 0.7041666666666667 0.5822916666666667
1 0.7866666666666666 0.559375 0.7916666666666666 0.5114583333333333 0.7925 0.4510416666666667 0.7891666666666667 0.40520833333333334 0.775 0.315625 0.78 0.178125 0.7729166666666667 0.15 0.75875 0.14583333333333334 0.7483333333333333 0.17395833333333333 0.7516666666666667 0.31979166666666664 0.7341666666666666 0.42604166666666665 0.7325 0.4864583333333333 0.7358333333333333 0.5364583333333334 0.7483333333333333 0.6177083333333333 0.7716666666666666 0.621875 0.7783333333333333 0.609375 0.7866666666666666 0.559375
0 0.5016666666666667 0.8927083333333333 0.5016666666666667 0.8822916666666667 0.5066666666666667 0.8760416666666667 0.5066666666666667 0.8635416666666667 0.5158333333333334 0.834375 0.5208333333333334 0.765625 0.5066666666666667 0.665625 0.49041666666666667 0.625 0.46375 0.59375 0.4370833333333333 0.59375 0.41625 0.6083333333333333 0.40541666666666665 0.625 0.38916666666666666 0.6677083333333333 0.37666666666666665 0.740625 0.37666666666666665 0.803125 0.385 0.859375 0.40791666666666665 0.9208333333333333 0.4379166666666667 0.9520833333333333 0.45416666666666666 0.9510416666666667 0.47625 0.9375 0.5016666666666667 0.8927083333333333