0 0.345 0.7458770614692654 0.36 0.7113943028485757 0.366 0.6889055472263869 0.361 0.610944527736132 0.35 0.5809595202398801 0.35 0.5704647676161919 0.3415 0.5667166416791605 0.3315 0.5487256371814093 0.3115 0.5322338830584707 0.2865 0.5232383808095952 0.2445 0.5292353823088456 0.2195 0.5547226386806596 0.199 0.5914542728635682 0.189 0.6319340329835083 0.19 0.6904047976011994 0.203 0.7353823088455772 0.2245 0.767616191904048 0.2545 0.7871064467766117 0.289 0.7893553223388305 0.3275 0.767616191904048 0.345 0.7458770614692654
1 0.57 0.7983508245877061 0.589 0.724887556221889 0.595 0.6814092953523239 0.595 0.6289355322338831 0.57 0.5179910044977512 0.57 0.4715142428785607 0.579 0.4085457271364318 0.579 0.3695652173913043 0.5655 0.34332833583208394 0.5485 0.3403298350824588 0.5375 0.34782608695652173 0.528 0.3695652173913043 0.532 0.5029985007496252 0.503 0.6049475262368815 0.498 0.6694152923538231 0.507 0.7443778110944528 0.521 0.7998500749625187 0.5255 0.8050974512743628 0.558 0.8073463268365817 0.5655 0.8065967016491754 0.57 0.7983508245877061
1 0.741 0.699400299850075 0.743 0.6214392803598201 0.719 0.4955022488755622 0.729 0.4085457271364318 0.729 0.36806596701649175 0.7185 0.34632683658170915 0.7015 0.3403298350824588 0.6885 0.3493253373313343 0.679 0.37106446776611696 0.684 0.48050974512743627 0.682 0.5089955022488756 0.654 0.6019490254872564 0.649 0.676911544227886 0.656 0.7308845577211395 0.67 0.7908545727136432 0.6775 0.7976011994002998 0.712 0.7983508245877061 0.721 0.7818590704647677 0.741 0.699400299850075
1 0.873 0.7083958020989505 0.88 0.6604197901049476 0.88 0.6229385307346327 0.875 0.5884557721139431 0.854 0.507496251874063 0.854 0.46401799100449775 0.863 0.3995502248875562 0.863 0.3650674662668666 0.8515 0.34332833583208394 0.8335 0.33883058470764615 0.8235 0.3448275862068966 0.814 0.3650674662668666 0.818 0.4985007496251874 0.789 0.6019490254872564 0.785 0.6559220389805097 0.79 0.7023988005997002 0.807 0.7788605697151424 0.8165 0.7871064467766117 0.847 0.7863568215892054 0.856 0.7743628185907047 0.873 0.7083958020989505
1 1 0.35907046476761617 0.9915 0.34332833583208394 0.9795 0.3373313343328336 0.9635 0.34332833583208394 0.953 0.36806596701649175 0.956 0.5014992503748126 0.932 0.5749625187406296 0.924 0.6199400299850075 0.927 0.6874062968515742 0.943 0.7668665667166417 0.9525 0.7766116941529235 0.978 0.7773613193403298 0.991 0.7698650674662668 1 0.7293853073463268 1 0.5389805097451275 0.991 0.5059970014992504 0.993 0.444527736131934 1 0.4085457271364318 1 0.35907046476761617
1 0.778 0.6709145427286357 0.782 0.5989505247376312 0.758 0.4910044977511244 0.758 0.4370314842578711 0.766 0.39355322338830584 0.767 0.35157421289355323 0.7575 0.32983508245877063 0.7405 0.3238380809595202 0.7295 0.32983508245877063 0.721 0.34557721139430286 0.73 0.3695652173913043 0.729 0.43553223388305845 0.723 0.4580209895052474 0.721 0.5134932533733133 0.741 0.5929535232383808 0.745 0.6424287856071964 0.742 0.7008995502248876 0.729 0.7593703148425787 0.752 0.7608695652173914 0.76 0.7428785607196402 0.778 0.6709145427286357
1 0.62 0.7518740629685158 0.639 0.6724137931034483 0.643 0.6319340329835083 0.639 0.5779610194902549 0.618 0.48650674662668664 0.628 0.3545727136431784 0.621 0.3350824587706147 0.6095 0.32533733133433285 0.5915 0.328335832083958 0.579 0.3530734632683658 0.583 0.4760119940029985 0.573 0.5194902548725637 0.593 0.6049475262368815 0.596 0.6334332833583208 0.593 0.7068965517241379 0.58 0.7668665667166417 0.597 0.7713643178410795 0.6125 0.7706146926536732 0.62 0.7518740629685158
1 0.499 0.684407796101949 0.4945 0.6836581709145427 0.482 0.7368815592203898 0.4865 0.7436281859070465 0.503 0.7443778110944528 0.506 0.739880059970015 0.499 0.684407796101949
1 0.531 0.5044977511244377 0.526 0.46551724137931033 0.527 0.3740629685157421 0.536 0.34257871064467765 0.532 0.32608695652173914 0.5165 0.3103448275862069 0.4985 0.3148425787106447 0.49 0.32908545727136435 0.487 0.348575712143928 0.492 0.4625187406296852 0.478 0.5194902548725637 0.494 0.5809595202398801 0.499 0.6169415292353823 0.525 0.5359820089955023 0.531 0.5044977511244377
1 0.494 0.684407796101949 0.497 0.610944527736132 0.472 0.48800599700149927 0.482 0.3545727136431784 0.476 0.3365817091454273 0.4685 0.328335832083958 0.4515 0.32533733133433285 0.4405 0.3328335832083958 0.431 0.356071964017991 0.437 0.4715142428785607 0.434 0.4970014992503748 0.407 0.5869565217391305 0.403 0.6649175412293853 0.423 0.7743628185907047 0.466 0.7788605697151424 0.476 0.7578710644677661 0.494 0.684407796101949
1 0.4 0.6709145427286357 0.405 0.5794602698650675 0.381 0.47301349325337333 0.382 0.43103448275862066 0.391 0.37256371814092953 0.391 0.3365817091454273 0.3805 0.3148425787106447 0.3655 0.30884557721139433 0.3525 0.3148425787106447 0.343 0.3335832083958021 0.345 0.4760119940029985 0.325 0.5419790104947526 0.352 0.5839580209895052 0.36 0.6064467766116941 0.366 0.643928035982009 0.366 0.6754122938530734 0.361 0.7053973013493253 0.344 0.7488755622188905 0.3505 0.7541229385307346 0.374 0.7533733133433284 0.385 0.7293853073463268 0.4 0.6709145427286357
1 0.306 0.32008995502248877 0.2965 0.29985007496251875 0.2755 0.29535232383808097 0.263 0.308095952023988 0.258 0.32608695652173914 0.263 0.39355322338830584 0.262 0.452023988005997 0.239 0.532983508245877 0.2645 0.5232383808095952 0.2905 0.5232383808095952 0.315 0.532983508245877 0.296 0.4490254872563718 0.306 0.32008995502248877