1 0.26171875 0.48639896373056996 0.26484375 0.4630829015544041 0.265625 0.4060880829015544 0.2484375 0.32059585492227977 0.24921875 0.2869170984455959 0.25625 0.24287564766839378 0.25546875 0.22215025906735753 0.249609375 0.20854922279792745 0.238671875 0.20077720207253885 0.227734375 0.20854922279792745 0.22265625 0.22215025906735753 0.22578125 0.3231865284974093 0.20390625 0.4099740932642487 0.203125 0.45012953367875647 0.215625 0.5343264248704663 0.222265625 0.538860103626943 0.24375 0.5395077720207254 0.25234375 0.5291450777202072 0.26171875 0.48639896373056996
1 0.328125 0.5019430051813472 0.33203125 0.4319948186528497 0.31484375 0.35038860103626945 0.32109375 0.241580310880829 0.314453125 0.22409326424870465 0.300390625 0.2189119170984456 0.294140625 0.22279792746113988 0.28671875 0.24028497409326424 0.28984375 0.3400259067357513 0.271875 0.40479274611398963 0.26640625 0.45531088082901555 0.26953125 0.49676165803108807 0.2796875 0.5511658031088082 0.286328125 0.5569948186528497 0.31015625 0.5576424870466321 0.31640625 0.552461139896373 0.328125 0.5019430051813472
1 0.394921875 0.5012953367875648 0.3984375 0.49028497409326427 0.3984375 0.44365284974093266 0.38203125 0.37240932642487046 0.38125 0.33743523316062174 0.3875 0.2610103626943005 0.38515625 0.24805699481865284 0.373828125 0.23575129533678757 0.359765625 0.24093264248704663 0.353125 0.25971502590673573 0.35546875 0.3711139896373057 0.33671875 0.42940414507772023 0.3328125 0.46178756476683935 0.33671875 0.5213730569948186 0.34296875 0.5239637305699482 0.360546875 0.5064766839378239 0.394921875 0.5012953367875648
1 0.41953125 0.3646373056994819 0.4140625 0.34650259067357514 0.41953125 0.23510362694300518 0.413671875 0.22020725388601037 0.406640625 0.21502590673575128 0.394140625 0.21761658031088082 0.38671875 0.2338082901554404 0.3890625 0.33484455958549225 0.38359375 0.36075129533678757 0.38359375 0.375 0.40078125 0.4566062176165803 0.42109375 0.38406735751295334 0.41953125 0.3646373056994819
1 0.46328125 0.5369170984455959 0.4671875 0.508419689119171 0.4671875 0.4721502590673575 0.45 0.38406735751295334 0.45625 0.27266839378238344 0.448828125 0.2538860103626943 0.435546875 0.25 0.42578125 0.2610103626943005 0.421875 0.27525906735751293 0.425 0.3711139896373057 0.42109375 0.3957253886010363 0.40390625 0.45531088082901555 0.4 0.4954663212435233 0.402734375 0.5038860103626943 0.42890625 0.5343264248704663 0.44765625 0.591321243523316 0.45390625 0.5796632124352331 0.46328125 0.5369170984455959
1 0.4953125 0.5110103626943006 0.5 0.4475388601036269 0.48203125 0.36075129533678757 0.48828125 0.2545336787564767 0.479296875 0.23316062176165803 0.466796875 0.23056994818652848 0.45703125 0.241580310880829 0.45390625 0.25323834196891193 0.45703125 0.27266839378238344 0.45703125 0.3439119170984456 0.45234375 0.3853626943005181 0.465625 0.452720207253886 0.46796875 0.4799222797927461 0.46640625 0.5239637305699482 0.45859375 0.5667098445595855 0.462109375 0.5712435233160622 0.47890625 0.5705958549222798 0.48359375 0.564119170984456 0.4953125 0.5110103626943006
1 0.56171875 0.5395077720207254 0.56640625 0.5071243523316062 0.5671875 0.46696891191709844 0.55078125 0.38406735751295334 0.55546875 0.2700777202072539 0.548046875 0.25 0.537109375 0.24611398963730569 0.526953125 0.2538860103626943 0.521875 0.2700777202072539 0.525 0.3646373056994819 0.52265625 0.38406735751295334 0.503125 0.45531088082901555 0.5015625 0.5058290155440415 0.5140625 0.5822538860103627 0.518359375 0.5893782383419689 0.529296875 0.5932642487046632 0.54609375 0.5926165803108808 0.55390625 0.5744818652849741 0.56171875 0.5395077720207254
1 0.58984375 0.5136010362694301 0.5953125 0.4488341968911917 0.59296875 0.41904145077720206 0.57734375 0.358160621761658 0.58359375 0.24676165803108807 0.576953125 0.23056994818652848 0.562109375 0.2266839378238342 0.5515625 0.24287564766839378 0.55625 0.26748704663212436 0.5515625 0.3788860103626943 0.56796875 0.46567357512953367 0.5671875 0.5110103626943006 0.559375 0.5576424870466321 0.562890625 0.5621761658031088 0.575 0.5615284974093264 0.58046875 0.5537564766839378 0.58984375 0.5136010362694301
1 0.66015625 0.5265544041450777 0.66484375 0.49028497409326427 0.66484375 0.4566062176165803 0.64765625 0.37759067357512954 0.646875 0.34520725388601037 0.653125 0.2648963730569948 0.644921875 0.24481865284974094 0.635546875 0.24093264248704663 0.624609375 0.24740932642487046 0.61953125 0.25971502590673573 0.61875 0.29468911917098445 0.62265625 0.3387305699481865 0.62109375 0.37240932642487046 0.60390625 0.4332901554404145 0.5984375 0.48121761658031087 0.6 0.5071243523316062 0.61328125 0.5757772020725389 0.617578125 0.5803108808290155 0.64453125 0.5809585492227979 0.6515625 0.5667098445595855 0.66015625 0.5265544041450777
1 0.75 0.5433937823834197 0.7578125 0.5019430051813472 0.76015625 0.46178756476683935 0.7578125 0.43588082901554404 0.7421875 0.3711139896373057 0.74296875 0.32189119170984454 0.7484375 0.27914507772020725 0.74765625 0.25194300518134716 0.739453125 0.23834196891191708 0.727734375 0.23704663212435234 0.722265625 0.24093264248704663 0.715625 0.25712435233160624 0.71796875 0.3555699481865285 0.71640625 0.37240932642487046 0.70546875 0.40349740932642486 0.696875 0.4423575129533679 0.69609375 0.4876943005181347 0.7078125 0.5654145077720207 0.713671875 0.5712435233160622 0.73671875 0.5718911917098446 0.74453125 0.5667098445595855 0.75 0.5433937823834197
0 0.428125 0.685880829015544 0.44140625 0.6496113989637305 0.44609375 0.5990932642487047 0.43828125 0.5589378238341969 0.421484375 0.5259067357512953 0.396484375 0.5038860103626943 0.373828125 0.5025906735751295 0.351171875 0.5155440414507773 0.32890625 0.5459844559585493 0.3203125 0.5705958549222798 0.31796875 0.6133419689119171 0.3265625 0.6651554404145078 0.341015625 0.689119170984456 0.359765625 0.7085492227979274 0.38671875 0.7182642487046632 0.405078125 0.7124352331606217 0.428125 0.685880829015544