1 0.56 0.6967213114754098 0.5272727272727272 0.5601092896174863 0.5313401272727273 0.4159310273224044 0.5220325490909091 0.39843939344262297 0.5092346909090909 0.3949410546448088 0.4929464690909091 0.39843939344262297 0.48131203636363634 0.4071852076502732 0.48 0.43989071038251365 0.48727272727272725 0.5710382513661202 0.4581818181818182 0.6857923497267759 0.4581818181818182 0.7568306010928961 0.48545454545454547 0.7759562841530054 0.5454545454545454 0.773224043715847 0.56 0.7568306010928961 0.56 0.6967213114754098
1 0.44363636363636366 0.5819672131147541 0.41454545454545455 0.45081967213114754 0.41454545454545455 0.33060109289617484 0.3981818181818182 0.3224043715846995 0.38241936363636364 0.33022207103825135 0.37776566181818183 0.36695446994535524 0.38181818181818183 0.4672131147540984 0.35915050181818187 0.552365737704918 0.3490909090909091 0.6366120218579235 0.3618181818181818 0.6557377049180327 0.4254545454545455 0.6530054644808743 0.44363636363636366 0.6311475409836066 0.44363636363636366 0.5819672131147541
1 0.3490909090909091 0.5 0.32 0.38524590163934425 0.3236363636363636 0.2814207650273224 0.3137762872727273 0.2672521584699454 0.2963636363636364 0.26229508196721313 0.28363636363636363 0.27595628415300544 0.28352669454545454 0.3109812349726776 0.2909090909090909 0.39617486338797814 0.26840198545454547 0.46665678688524587 0.26545454545454544 0.5491803278688525 0.33090909090909093 0.5601092896174863 0.3490909090909091 0.5382513661202186 0.3490909090909091 0.5
1 0.26840198545454547 0.4509142896174863 0.24629654545454546 0.3319712076502732 0.24978691272727271 0.2794963114754098 0.2521137636363636 0.24626218579234974 0.24181818181818182 0.21311475409836064 0.22070083272727273 0.2060314480874317 0.2109090909090909 0.226775956284153 0.21818181818181817 0.33060109289617484 0.19636363636363635 0.4344262295081967 0.2 0.4726775956284153 0.2290909090909091 0.48360655737704916 0.26258477090909094 0.47365339890710384 0.26840198545454547 0.4509142896174863
1 0.66629952 0.5786031857923497 0.6436363636363637 0.4781420765027322 0.6472727272727272 0.3360655737704918 0.6348865890909091 0.32322539344262297 0.6163636363636363 0.3224043715846995 0.6036363636363636 0.34153005464480873 0.5999832945454545 0.363456131147541 0.6072727272727273 0.4672131147540984 0.5854545454545454 0.5382513661202186 0.5848584981818181 0.6275798087431694 0.6018181818181818 0.6557377049180327 0.6545454545454545 0.6530054644808743 0.6697898872727273 0.6328272841530055 0.66629952 0.5786031857923497
1 0.7489040581818182 0.4858975519125683 0.7419233272727274 0.4456668142076503 0.7345454545454545 0.4016393442622951 0.72912556 0.3529611803278689 0.7381818181818182 0.2814207650273224 0.7218181818181818 0.25136612021857924 0.7035296690909091 0.25325886338797815 0.6953856 0.277747174863388 0.6953856 0.3109812349726776 0.7018181818181818 0.38524590163934425 0.6763636363636364 0.46174863387978143 0.6727272727272727 0.5382513661202186 0.7 0.5628415300546448 0.7345454545454545 0.5601092896174863 0.7500673963636363 0.5453691256830601 0.7489040581818182 0.4858975519125683
1 0.8233643527272727 0.4124326885245902 0.8059127018181818 0.3442153606557377 0.8024223381818182 0.3144795737704918 0.8047493672727273 0.2672521584699454 0.8109090909090909 0.22131147540983606 0.7872727272727272 0.19672131147540983 0.7709090909090909 0.2103825136612022 0.7617018254545455 0.2252722841530055 0.7745454545454545 0.31420765027322406 0.7523944218181818 0.4054360765027322 0.7490909090909091 0.45081967213114754 0.7654545454545455 0.47540983606557374 0.8109090909090909 0.4781420765027322 0.8254545454545454 0.4672131147540984 0.8233643527272727 0.4124326885245902
1 0.6181818181818182 0.3087431693989071 0.6127272727272727 0.20765027322404372 0.5930026545454545 0.20428227868852458 0.5854545454545454 0.22131147540983606 0.5825316472727272 0.23926557377049182 0.5854545454545454 0.319672131147541 0.5672727272727273 0.40710382513661203 0.5672727272727273 0.46174863387978143 0.6 0.4781420765027322 0.6036363636363636 0.3360655737704918 0.6181818181818182 0.3087431693989071
1 0.43636363636363634 0.3633879781420765 0.43636363636363634 0.22131147540983606 0.4196496 0.2077806830601093 0.40545454545454546 0.2185792349726776 0.39987101090909094 0.24101471038251365 0.41818181818181815 0.46174863387978143 0.42363636363636364 0.4808743169398907 0.44727272727272727 0.4781420765027322 0.45454545454545453 0.4180327868852459 0.43636363636363634 0.3633879781420765
1 0.5115616290909091 0.26550302185792346 0.49636363636363634 0.26229508196721313 0.4859658254545455 0.27249963387978143 0.48131203636363634 0.29698794535519124 0.49454545454545457 0.38524590163934425 0.5236363636363637 0.38524590163934425 0.5290132763636364 0.28299465027322407 0.5115616290909091 0.26550302185792346
0 0.23454545454545456 0.7978142076502732 0.24545454545454545 0.7923497267759563 0.2581818181818182 0.773224043715847 0.2690909090909091 0.7295081967213115 0.2690909090909091 0.6967213114754098 0.26181818181818184 0.6530054644808743 0.24181818181818182 0.6174863387978142 0.20909090909090908 0.5846994535519126 0.19090909090909092 0.5846994535519126 0.16545454545454547 0.6120218579234973 0.14363636363636365 0.6174863387978142 0.12727272727272726 0.6420765027322405 0.12727272727272726 0.6530054644808743 0.11636363636363636 0.674863387978142 0.11636363636363636 0.6912568306010929 0.10181818181818182 0.7295081967213115 0.10545454545454545 0.7786885245901639 0.12 0.8224043715846995 0.13272727272727272 0.8415300546448088 0.1509090909090909 0.8524590163934426 0.18545454545454546 0.8497267759562842 0.21272727272727274 0.8306010928961749 0.23454545454545456 0.7978142076502732