1 0.5401785714285714 0.6941964285714286 0.5401785714285714 0.609375 0.5044642857142857 0.5245535714285714 0.5178571428571429 0.39955357142857145 0.49776785714285715 0.36607142857142855 0.47544642857142855 0.36160714285714285 0.4375 0.390625 0.44642857142857145 0.5111607142857143 0.4017857142857143 0.609375 0.4107142857142857 0.7120535714285714 0.4375 0.765625 0.4732142857142857 0.7790178571428571 0.5089285714285714 0.7611607142857143 0.5401785714285714 0.6941964285714286
1 0.6160714285714286 0.5915178571428571 0.6071428571428571 0.5111607142857143 0.5758928571428571 0.4486607142857143 0.5803571428571429 0.328125 0.5647321428571429 0.30357142857142855 0.5424107142857143 0.30357142857142855 0.5133928571428571 0.34151785714285715 0.5223214285714286 0.44419642857142855 0.5044642857142857 0.515625 0.5446428571428571 0.5959821428571429 0.5401785714285714 0.6986607142857143 0.5625 0.6986607142857143 0.5848214285714286 0.6808035714285714 0.6160714285714286 0.5915178571428571
1 0.4330357142857143 0.5245535714285714 0.44332720089285715 0.4937461294642857 0.43261726785714283 0.4401415133928572 0.44689708482142854 0.35616093303571433 0.4375 0.3236607142857143 0.421875 0.3080357142857143 0.390625 0.3080357142857143 0.3705357142857143 0.328125 0.3794642857142857 0.44419642857142855 0.3638392857142857 0.48660714285714285 0.35229359374999997 0.5169747857142857 0.3451538214285715 0.5813002991071429 0.35267857142857145 0.640625 0.375 0.6852678571428571 0.40625 0.6986607142857143 0.4017857142857143 0.5959821428571429 0.4330357142857143 0.5245535714285714
1 0.6651785714285714 0.4799107142857143 0.6383928571428571 0.3950892857142857 0.64324384375 0.27396714285714285 0.6343189910714286 0.2507384910714286 0.609375 0.25 0.5825548169642857 0.2668199017857143 0.57541490625 0.2918353482142857 0.5896947276785715 0.3740291383928572 0.5861248392857143 0.4079786875 0.5803571428571429 0.4575892857142857 0.6116071428571429 0.5200892857142857 0.6116071428571429 0.6227678571428571 0.6294642857142857 0.6227678571428571 0.6651785714285714 0.5558035714285714 0.6651785714285714 0.4799107142857143
1 0.3790681517857143 0.4490756160714286 0.3612184464285714 0.40083144642857144 0.375 0.28348214285714285 0.359375 0.2544642857142857 0.3325892857142857 0.25 0.3183792633928571 0.26503304017857143 0.30766933482142855 0.28111445535714286 0.3169642857142857 0.390625 0.29017857142857145 0.43526785714285715 0.2857142857142857 0.5290178571428571 0.3169642857142857 0.6049107142857143 0.34375 0.6227678571428571 0.3505086517857143 0.5062538169642857 0.3790681517857143 0.4490756160714286
1 0.3125 0.3861607142857143 0.30588438839285714 0.2989826607142857 0.3125 0.24330357142857142 0.3013392857142857 0.21428571428571427 0.265625 0.20535714285714285 0.24698044642857142 0.21500208035714286 0.23627051339285712 0.24180438839285714 0.25769024107142857 0.3382927276785714 0.23214285714285715 0.4174107142857143 0.2273456607142857 0.4472887544642857 0.23214285714285715 0.4799107142857143 0.2398405357142857 0.5134011294642857 0.27232142857142855 0.5602678571428571 0.2969595357142857 0.5741530535714287 0.2857142857142857 0.43080357142857145 0.3125 0.3861607142857143
1 0.71875 0.453125 0.7075027544642857 0.38117637946428573 0.6860831607142857 0.3382927276785714 0.7098214285714286 0.23883928571428573 0.7021479241071429 0.21678897321428572 0.6808035714285714 0.20535714285714285 0.6521686964285714 0.2078548705357143 0.6343189910714286 0.22572304464285714 0.6517857142857143 0.28348214285714285 0.6383928571428571 0.3861607142857143 0.6682334553571428 0.5652189508928571 0.6985779017857142 0.5330561294642857 0.71875 0.453125
1 0.49776785714285715 0.25892857142857145 0.4575892857142857 0.2544642857142857 0.4375 0.27901785714285715 0.4419642857142857 0.359375 0.45535714285714285 0.36830357142857145 0.5044642857142857 0.3549107142857143 0.49776785714285715 0.25892857142857145
1 0.4174107142857143 0.20089285714285715 0.3861607142857143 0.20535714285714285 0.37014329910714283 0.24180438839285714 0.3794642857142857 0.296875 0.4330357142857143 0.31026785714285715 0.4419642857142857 0.22544642857142858 0.4174107142857143 0.20089285714285715
1 0.5625 0.22544642857142858 0.5334821428571429 0.20535714285714285 0.49687631696428575 0.2078548705357143 0.4861663839285714 0.23108349107142856 0.5040160892857143 0.29719586607142856 0.5178571428571429 0.3236607142857143 0.5625 0.2924107142857143 0.5625 0.22544642857142858
0 0.25892857142857145 0.6986607142857143 0.28125 0.6495535714285714 0.28125 0.6004464285714286 0.26785714285714285 0.5647321428571429 0.22991071428571427 0.5223214285714286 0.19419642857142858 0.5044642857142857 0.14955357142857142 0.5 0.10044642857142858 0.5133928571428571 0.049107142857142856 0.5602678571428571 0.03125 0.6049107142857143 0.03125 0.6495535714285714 0.049107142857142856 0.6941964285714286 0.08258928571428571 0.7276785714285714 0.12276785714285714 0.7455357142857143 0.16964285714285715 0.7477678571428571 0.22098214285714285 0.7321428571428571 0.25892857142857145 0.6986607142857143