1 0.5688888888888889 0.8244444444444444 0.5733333333333334 0.7533333333333333 0.5288888888888889 0.6688888888888889 0.5377777777777778 0.54 0.5242178666666667 0.522451631111111 0.4911111111111111 0.5155555555555555 0.4622222222222222 0.5444444444444444 0.4711111111111111 0.6688888888888889 0.43555555555555553 0.7311111111111112 0.43555555555555553 0.8111111111111111 0.4666666666666667 0.8866666666666667 0.52 0.9 0.5422222222222223 0.8866666666666667 0.5688888888888889 0.8244444444444444
1 0.26222222222222225 0.3844444444444444 0.2222222222222222 0.32222222222222224 0.2222222222222222 0.21555555555555556 0.20071608000000002 0.20413306222222222 0.18444444444444444 0.19555555555555557 0.15805646666666667 0.21480292888888888 0.15805646666666667 0.2468126711111111 0.17777777777777778 0.33111111111111113 0.1511111111111111 0.3844444444444444 0.1511111111111111 0.43777777777777777 0.18666666666666668 0.5266666666666666 0.2311111111111111 0.5311111111111111 0.26222222222222225 0.4688888888888889 0.26222222222222225 0.3844444444444444
1 0.38666666666666666 0.20222222222222222 0.39555555555555555 0.11333333333333333 0.3844444444444444 0.08888888888888889 0.35333333333333333 0.08444444444444445 0.3333333333333333 0.1 0.3422222222222222 0.20666666666666667 0.31555555555555553 0.2644444444444444 0.31555555555555553 0.32666666666666666 0.32666666666666666 0.3466666666666667 0.36666666666666664 0.3377777777777778 0.40444444444444444 0.35333333333333333 0.4177777777777778 0.2688888888888889 0.38666666666666666 0.20222222222222222
1 0.5288888888888889 0.32222222222222224 0.5377777777777778 0.2111111111111111 0.5313278266666667 0.20413306222222222 0.4955555555555556 0.19555555555555557 0.47555555555555556 0.21555555555555556 0.4797808 0.2379210888888889 0.48444444444444446 0.31777777777777777 0.4620059733333334 0.36595977777777783 0.45134110666666666 0.39619116 0.4460087377777778 0.43887076888888893 0.4622222222222222 0.4866666666666667 0.4777777777777778 0.52 0.5288888888888889 0.5222222222222223 0.56 0.4022222222222222 0.5288888888888889 0.32222222222222224
1 0.96 0.26 0.9377777777777778 0.19777777777777777 0.9597012533333333 0.11343901333333334 0.9401488355555556 0.08854252888888889 0.9134865955555556 0.08854252888888889 0.893934448888889 0.1045474311111111 0.8903792666666666 0.19168483555555557 0.8577777777777778 0.2511111111111111 0.8477197911111111 0.31616694666666667 0.8577777777777778 0.35777777777777775 0.8733333333333333 0.39111111111111113 0.92 0.3933333333333333 0.9511111111111111 0.3488888888888889 0.96 0.26
1 0.8533333333333334 0.3888888888888889 0.8266666666666667 0.33111111111111113 0.8444444444444444 0.22 0.8244444444444444 0.2 0.7822222222222223 0.21555555555555556 0.7730655733333333 0.25036924444444447 0.7866666666666666 0.32666666666666666 0.7466666666666667 0.3844444444444444 0.7357383288888889 0.4175309644444445 0.7392932400000001 0.46732379555555553 0.7511111111111111 0.5177777777777778 0.7711111111111111 0.5377777777777778 0.8044444444444444 0.5355555555555556 0.8533333333333334 0.44666666666666666 0.8533333333333334 0.3888888888888889
1 0.6844444444444444 0.2511111111111111 0.6622222222222223 0.19777777777777777 0.6755555555555556 0.09111111111111111 0.6511111111111111 0.07111111111111111 0.6237570044444445 0.07609430222222222 0.6133333333333333 0.09555555555555556 0.6177777777777778 0.19777777777777777 0.5866666666666667 0.2777777777777778 0.5810973955555556 0.3250585288888889 0.6044444444444445 0.3888888888888889 0.6355555555555555 0.3933333333333333 0.6844444444444444 0.31333333333333335 0.6844444444444444 0.2511111111111111
1 0.15555555555555556 0.2688888888888889 0.11555555555555555 0.18444444444444444 0.11717444888888888 0.11343901333333334 0.10295453333333333 0.09032085333333334 0.07333333333333333 0.08888888888888889 0.05851746666666667 0.10632568888888888 0.07629229333333334 0.18634990222222222 0.05851746666666667 0.23436444444444443 0.05318496444444444 0.27526569777777776 0.057777777777777775 0.32666666666666666 0.09111111111111111 0.39555555555555555 0.1288888888888889 0.3933333333333333 0.15555555555555556 0.33555555555555555 0.15555555555555556 0.2688888888888889
1 0.41333333333333333 0.5444444444444444 0.37777777777777777 0.4777777777777778 0.39111111111111113 0.35777777777777775 0.3488888888888889 0.3333333333333333 0.32 0.35777777777777775 0.3288888888888889 0.4777777777777778 0.28888888888888886 0.54 0.2878127555555555 0.5829143288888888 0.28888888888888886 0.62 0.28959021333333335 0.65582532 0.29847762666666666 0.69139164 0.34646960444444447 0.7020616444444444 0.3642444266666666 0.7002832177777778 0.39979408 0.6647169022222222 0.41333333333333333 0.6022222222222222 0.41333333333333333 0.5444444444444444
1 0.7288888888888889 0.5355555555555556 0.7022222222222222 0.4822222222222222 0.7155555555555555 0.3622222222222222 0.6911111111111111 0.3466666666666667 0.6575290666666667 0.3499549777777778 0.6444444444444445 0.3711111111111111 0.6488888888888888 0.4777777777777778 0.6088888888888889 0.54 0.6088888888888889 0.6333333333333333 0.6355555555555555 0.6466666666666666 0.7288888888888889 0.5977777777777777 0.7288888888888889 0.5355555555555556
0 0.84 0.8066666666666666 0.8666666666666667 0.7533333333333333 0.8666666666666667 0.6911111111111111 0.8533333333333334 0.66 0.8066666666666666 0.6177777777777778 0.7622222222222222 0.6044444444444445 0.7222222222222222 0.6044444444444445 0.6866666666666666 0.6177777777777778 0.6444444444444445 0.6555555555555556 0.6266666666666667 0.6955555555555556 0.6266666666666667 0.7533333333333333 0.6488888888888888 0.8022222222222222 0.6688888888888889 0.8222222222222222 0.7088888888888889 0.8444444444444444 0.7555555555555555 0.8466666666666667 0.7933333333333333 0.84 0.84 0.8066666666666666