1 0.41328125 0.38680555555555557 0.40078125 0.3229166666666667 0.40234375 0.24513888888888888 0.398828125 0.2361111111111111 0.390234375 0.23333333333333334 0.385546875 0.2361111111111111 0.38046875 0.25069444444444444 0.384375 0.32013888888888886 0.371875 0.37430555555555556 0.37109375 0.40902777777777777 0.38046875 0.46458333333333335 0.383984375 0.46944444444444444 0.40078125 0.46875 0.4109375 0.42569444444444443 0.41328125 0.38680555555555557
1 0.35546875 0.4270833333333333 0.35859375 0.3798611111111111 0.34609375 0.3104166666666667 0.34921875 0.24513888888888888 0.344921875 0.23333333333333334 0.336328125 0.23055555555555557 0.330859375 0.23472222222222222 0.32734375 0.24513888888888888 0.33125 0.3076388888888889 0.31875 0.3701388888888889 0.31875 0.40902777777777777 0.328125 0.4618055555555556 0.34609375 0.46458333333333335 0.35 0.4576388888888889 0.35546875 0.4270833333333333
1 0.4625 0.4423611111111111 0.46640625 0.39375 0.453125 0.3173611111111111 0.45703125 0.25069444444444444 0.451953125 0.23472222222222222 0.441015625 0.23194444444444445 0.43515625 0.24097222222222223 0.43359375 0.2520833333333333 0.4375 0.3090277777777778 0.4234375 0.3840277777777778 0.4234375 0.4173611111111111 0.4328125 0.47152777777777777 0.4515625 0.4756944444444444 0.45625 0.4701388888888889 0.4625 0.4423611111111111
1 0.5203125 0.39652777777777776 0.50703125 0.3284722222222222 0.509375 0.2520833333333333 0.503515625 0.2375 0.494921875 0.23333333333333334 0.490234375 0.2361111111111111 0.48515625 0.25069444444444444 0.4890625 0.3145833333333333 0.4765625 0.3729166666666667 0.47578125 0.41180555555555554 0.48671875 0.47708333333333336 0.50703125 0.4798611111111111 0.5171875 0.44375 0.5203125 0.39652777777777776
1 0.571875 0.4395833333333333 0.575 0.38958333333333334 0.5625 0.3284722222222222 0.565625 0.24930555555555556 0.558203125 0.23472222222222222 0.549609375 0.23194444444444445 0.540625 0.24375 0.54375 0.3173611111111111 0.53203125 0.36875 0.53125 0.40902777777777777 0.54140625 0.47152777777777777 0.544921875 0.47638888888888886 0.56015625 0.47708333333333336 0.565625 0.4701388888888889 0.571875 0.4395833333333333
1 0.61796875 0.4576388888888889 0.625 0.4201388888888889 0.6265625 0.38958333333333334 0.625 0.3701388888888889 0.6140625 0.3284722222222222 0.615625 0.24791666666666667 0.609765625 0.2361111111111111 0.601953125 0.2361111111111111 0.59453125 0.2520833333333333 0.59765625 0.3145833333333333 0.584375 0.3784722222222222 0.584375 0.41458333333333336 0.5953125 0.4701388888888889 0.60859375 0.47291666666666665 0.612890625 0.4722222222222222 0.61796875 0.4576388888888889
1 0.6765625 0.3770833333333333 0.66484375 0.3215277777777778 0.6671875 0.24513888888888888 0.660546875 0.23333333333333334 0.651953125 0.23333333333333334 0.646875 0.23958333333333334 0.6453125 0.2520833333333333 0.6484375 0.3215277777777778 0.6390625 0.36041666666666666 0.6359375 0.3993055555555556 0.6453125 0.4618055555555556 0.648046875 0.4666666666666667 0.6640625 0.46597222222222223 0.67421875 0.4284722222222222 0.6765625 0.3770833333333333
1 0.05 0.41875 0.05234375 0.3798611111111111 0.03984375 0.3159722222222222 0.0421875 0.24513888888888888 0.037109375 0.23055555555555557 0.031640625 0.22777777777777777 0.02109375 0.23819444444444443 0.0234375 0.3159722222222222 0.0125 0.36319444444444443 0.0109375 0.39375 0.02109375 0.45902777777777776 0.025390625 0.4638888888888889 0.0359375 0.46319444444444446 0.04375 0.45625 0.05 0.41875
1 0.97734375 0.41180555555555554 0.97734375 0.38125 0.96640625 0.3284722222222222 0.96953125 0.2534722222222222 0.961328125 0.2388888888888889 0.953515625 0.24027777777777778 0.9484375 0.25069444444444444 0.95078125 0.32569444444444445 0.93828125 0.3854166666666667 0.9390625 0.4284722222222222 0.94609375 0.46875 0.948828125 0.4736111111111111 0.95859375 0.47430555555555554 0.96796875 0.46875 0.97734375 0.41180555555555554
1 0.91328125 0.4423611111111111 0.9171875 0.41041666666666665 0.9171875 0.3770833333333333 0.90625 0.3215277777777778 0.909375 0.24930555555555556 0.905859375 0.2388888888888889 0.898046875 0.2361111111111111 0.890625 0.2465277777777778 0.89296875 0.3090277777777778 0.884375 0.36180555555555555 0.88359375 0.4201388888888889 0.88828125 0.4618055555555556 0.893359375 0.46805555555555556 0.90390625 0.4673611111111111 0.909375 0.4618055555555556 0.91328125 0.4423611111111111
0 0.63125 0.6868055555555556 0.6453125 0.64375 0.646875 0.6034722222222222 0.626953125 0.5527777777777778 0.594140625 0.5347222222222222 0.577734375 0.5361111111111111 0.558984375 0.5541666666666667 0.54296875 0.5854166666666667 0.53671875 0.6131944444444445 0.53671875 0.6381944444444444 0.54453125 0.6784722222222223 0.558203125 0.7069444444444445 0.576953125 0.7263888888888889 0.59921875 0.7284722222222222 0.612890625 0.7194444444444444 0.63125 0.6868055555555556