1 0.84625 0.4877358490566038 0.85125 0.4047169811320755 0.8475 0.3745283018867924 0.825 0.29339622641509433 0.83 0.15754716981132075 0.820625 0.13773584905660377 0.800625 0.1320754716981132 0.7875 0.14622641509433962 0.7825 0.1669811320754717 0.79 0.28773584905660377 0.76625 0.37830188679245286 0.7625 0.44245283018867926 0.76875 0.48962264150943396 0.785 0.5537735849056604 0.791875 0.560377358490566 0.8225 0.559433962264151 0.83125 0.5518867924528302 0.84625 0.4877358490566038
1 0.70875 0.5688679245283019 0.72375 0.4971698113207547 0.7275 0.45 0.7225 0.39716981132075474 0.69875 0.3141509433962264 0.70375 0.17830188679245282 0.693125 0.15660377358490565 0.679375 0.1490566037735849 0.665625 0.15660377358490565 0.655 0.1820754716981132 0.66375 0.2990566037735849 0.6375 0.41226415094339625 0.63625 0.4707547169811321 0.65875 0.5783018867924529 0.664375 0.5849056603773585 0.68375 0.5858490566037736 0.699375 0.5849056603773585 0.70875 0.5688679245283019
1 0.62 0.5047169811320755 0.62875 0.4518867924528302 0.62875 0.4009433962264151 0.60125 0.2820754716981132 0.6075 0.15754716981132075 0.598125 0.13773584905660377 0.576875 0.1320754716981132 0.565 0.14433962264150943 0.56 0.15943396226415094 0.57375 0.20471698113207548 0.56625 0.3160377358490566 0.59375 0.4367924528301887 0.59375 0.5084905660377359 0.585 0.5575471698113208 0.59875 0.559433962264151 0.6075 0.5537735849056604 0.62 0.5047169811320755
1 0.5925 0.5160377358490567 0.59375 0.44433962264150945 0.56625 0.32547169811320753 0.5725 0.19905660377358492 0.559375 0.17358490566037735 0.543125 0.16981132075471697 0.52875 0.18396226415094338 0.52375 0.2028301886792453 0.53125 0.29339622641509433 0.53 0.33867924528301885 0.5075 0.4179245283018868 0.5025 0.4839622641509434 0.51 0.5405660377358491 0.52625 0.6028301886792453 0.530625 0.6094339622641509 0.56625 0.6084905660377359 0.57375 0.5990566037735849 0.5925 0.5160377358490567
1 0.48625 0.529245283018868 0.49625 0.4349056603773585 0.49125 0.39528301886792455 0.46875 0.3141509433962264 0.475 0.180188679245283 0.460625 0.15283018867924528 0.443125 0.1509433962264151 0.43125 0.1632075471698113 0.42625 0.17830188679245282 0.42625 0.19528301886792454 0.435 0.22358490566037736 0.42875 0.35566037735849054 0.45125 0.43113207547169813 0.45625 0.4688679245283019 0.45625 0.5235849056603774 0.44625 0.5820754716981132 0.46625 0.5839622641509434 0.475 0.5745283018867925 0.48625 0.529245283018868
1 0.45375 0.5386792452830189 0.455 0.46320754716981133 0.4275 0.3462264150943396 0.43375 0.2179245283018868 0.425625 0.19622641509433963 0.405625 0.18679245283018867 0.394375 0.19433962264150945 0.385 0.2160377358490566 0.39125 0.35566037735849054 0.3675 0.44433962264150945 0.36375 0.4990566037735849 0.37 0.5613207547169812 0.38625 0.6254716981132076 0.393125 0.6339622641509434 0.42875 0.6330188679245283 0.43625 0.619811320754717 0.45375 0.5386792452830189
1 0.361875 0.49245283018867925 0.35125 0.5481132075471699 0.355 0.559433962264151 0.3675 0.5575471698113208 0.361875 0.49245283018867925
1 0.37125 0.2839622641509434 0.3775 0.15943396226415094 0.368125 0.13773584905660377 0.350625 0.13018867924528302 0.339375 0.13773584905660377 0.33 0.15754716981132075 0.33 0.17452830188679244 0.33875 0.2009433962264151 0.3325 0.32358490566037734 0.3575 0.4235849056603774 0.3625 0.4650943396226415 0.38875 0.35566037735849054 0.37125 0.2839622641509434
1 0.3425 0.5877358490566038 0.3575 0.5160377358490567 0.36 0.4537735849056604 0.3325 0.33679245283018866 0.3375 0.19716981132075473 0.326875 0.17358490566037735 0.310625 0.16792452830188678 0.300625 0.17358490566037735 0.28875 0.2009433962264151 0.29625 0.32547169811320753 0.2725 0.4160377358490566 0.26875 0.49528301886792453 0.29125 0.6009433962264151 0.295625 0.6075471698113207 0.325 0.6084905660377359 0.333125 0.6075471698113207 0.3425 0.5877358490566038
1 0.26 0.5103773584905661 0.265 0.4216981132075472 0.23875 0.310377358490566 0.24375 0.17264150943396225 0.235625 0.15660377358490565 0.216875 0.1490566037735849 0.206875 0.15471698113207547 0.19625 0.17641509433962263 0.2025 0.3122641509433962 0.1775 0.4066037735849057 0.17625 0.47641509433962265 0.1975 0.5745283018867925 0.206875 0.5830188679245283 0.235 0.5820754716981132 0.245 0.5745283018867925 0.26 0.5103773584905661
1 0.1725 0.47641509433962265 0.175 0.39528301886792455 0.1475 0.280188679245283 0.15375 0.15566037735849056 0.145625 0.13773584905660377 0.125625 0.13018867924528302 0.115625 0.13773584905660377 0.1075 0.15566037735849056 0.11375 0.28962264150943395 0.09125 0.37264150943396224 0.0875 0.4386792452830189 0.095 0.4971698113207547 0.1075 0.5462264150943397 0.114375 0.5566037735849056 0.14375 0.5575471698113208 0.15625 0.5481132075471699 0.1725 0.47641509433962265
0 0.846875 0.7924528301886793 0.85375 0.8424528301886792 0.86875 0.8349056603773585 0.905 0.7613207547169811 0.90875 0.7066037735849057 0.89875 0.659433962264151 0.871875 0.6132075471698113 0.839375 0.590566037735849 0.804375 0.5886792452830188 0.766875 0.6113207547169811 0.74 0.6537735849056604 0.7275 0.7028301886792453 0.7275 0.7481132075471698 0.735 0.7839622641509434 0.753125 0.8207547169811321 0.794375 0.8566037735849057 0.81875 0.8594339622641509 0.8325 0.8122641509433962 0.846875 0.7924528301886793