1 0.53203125 0.7590277777777777 0.53125 0.7340277777777777 0.52421875 0.6993055555555555 0.52578125 0.6298611111111111 0.520703125 0.6166666666666667 0.514453125 0.6166666666666667 0.50859375 0.6270833333333333 0.5078125 0.6993055555555555 0.49921875 0.7256944444444444 0.49609375 0.7506944444444444 0.496875 0.7826388888888889 0.5015625 0.8118055555555556 0.507421875 0.8208333333333333 0.5140625 0.8215277777777777 0.52109375 0.8159722222222222 0.53203125 0.7590277777777777
1 0.47734375 0.7465277777777778 0.48203125 0.6965277777777777 0.47578125 0.6576388888888889 0.47734375 0.6145833333333334 0.462109375 0.6111111111111112 0.4578125 0.6256944444444444 0.459375 0.6381944444444444 0.4546875 0.6409722222222223 0.455859375 0.6458333333333334 0.46015625 0.6451388888888889 0.46015625 0.6548611111111111 0.4515625 0.6923611111111111 0.45078125 0.7215277777777778 0.45703125 0.7590277777777777 0.462109375 0.7652777777777777 0.46875 0.7645833333333333 0.4734375 0.7604166666666666 0.47734375 0.7465277777777778
1 0.4453125 0.6590277777777778 0.43828125 0.6256944444444444 0.4390625 0.6145833333333334 0.430859375 0.6111111111111112 0.42734375 0.6131944444444445 0.42734375 0.6256944444444444 0.41796875 0.6590277777777778 0.4171875 0.6826388888888889 0.421875 0.7159722222222222 0.426953125 0.7236111111111111 0.43359375 0.7229166666666667 0.44140625 0.7048611111111112 0.4453125 0.6590277777777778
1 0.415625 0.63125 0.410546875 0.6097222222222223 0.399609375 0.6083333333333333 0.39140625 0.6354166666666666 0.390625 0.6576388888888889 0.39609375 0.6881944444444444 0.40625 0.6895833333333333 0.41484375 0.6631944444444444 0.415625 0.63125
1 0.50859375 0.6201388888888889 0.505859375 0.6152777777777778 0.49609375 0.6159722222222223 0.4953125 0.63125 0.4859375 0.6701388888888888 0.48984375 0.7173611111111111 0.494140625 0.7263888888888889 0.49921875 0.7256944444444444 0.50859375 0.6881944444444444 0.50859375 0.6201388888888889
1 0.55859375 0.7284722222222222 0.55859375 0.7034722222222223 0.55234375 0.6631944444444444 0.55546875 0.6215277777777778 0.553515625 0.6152777777777778 0.5390625 0.6173611111111111 0.5390625 0.6576388888888889 0.52890625 0.7020833333333333 0.53359375 0.7604166666666666 0.537890625 0.7680555555555556 0.546875 0.76875 0.55234375 0.7604166666666666 0.55859375 0.7284722222222222
1 0.58046875 0.6784722222222223 0.57578125 0.6229166666666667 0.564453125 0.6194444444444445 0.56328125 0.6354166666666666 0.55390625 0.6701388888888888 0.559375 0.7270833333333333 0.57109375 0.7298611111111111 0.5796875 0.6993055555555555 0.58046875 0.6784722222222223
1 0.596875 0.64375 0.5921875 0.6215277777777778 0.583984375 0.6180555555555556 0.57890625 0.6243055555555556 0.57578125 0.6423611111111112 0.5796875 0.6673611111111111 0.5796875 0.6979166666666666 0.5875 0.7006944444444444 0.596875 0.6701388888888888 0.596875 0.64375
1 0.29140625 0.6368055555555555 0.284375 0.5951388888888889 0.2875 0.5520833333333334 0.283203125 0.5416666666666666 0.277734375 0.5430555555555555 0.275 0.5506944444444445 0.2765625 0.59375 0.26875 0.6270833333333333 0.2703125 0.6756944444444445 0.273828125 0.6819444444444445 0.2796875 0.68125 0.2875 0.6659722222222222 0.29140625 0.6368055555555555
1 0.871875 0.7409722222222223 0.8703125 0.7118055555555556 0.86328125 0.6840277777777778 0.86875 0.6354166666666666 0.859765625 0.6166666666666667 0.84921875 0.6270833333333333 0.84921875 0.6840277777777778 0.8390625 0.7076388888888889 0.83671875 0.7243055555555555 0.83671875 0.74375 0.8421875 0.7756944444444445 0.848046875 0.7819444444444444 0.859375 0.7826388888888889 0.86796875 0.7618055555555555 0.871875 0.7409722222222223
1 0.83828125 0.7090277777777778 0.8484375 0.6798611111111111 0.84609375 0.6548611111111111 0.85078125 0.6145833333333334 0.844140625 0.6013888888888889 0.836328125 0.6027777777777777 0.83359375 0.6104166666666667 0.82734375 0.7104166666666667 0.82734375 0.7409722222222223 0.83203125 0.74375 0.8359375 0.7423611111111111 0.83828125 0.7090277777777778
1 0.8890625 0.6645833333333333 0.88515625 0.6409722222222223 0.88984375 0.60625 0.882421875 0.5875 0.8734375 0.6006944444444444 0.8734375 0.6368055555555555 0.86484375 0.6715277777777777 0.87109375 0.7159722222222222 0.8796875 0.7201388888888889 0.88125 0.6909722222222222 0.8890625 0.6645833333333333
1 0.91171875 0.6923611111111111 0.90546875 0.6631944444444444 0.91171875 0.6215277777777778 0.902734375 0.6041666666666666 0.8921875 0.6159722222222223 0.8921875 0.65625 0.88046875 0.6979166666666666 0.8859375 0.74375 0.9 0.7493055555555556 0.903125 0.7145833333333333 0.91171875 0.6923611111111111
1 0.93125 0.7590277777777777 0.9390625 0.7326388888888888 0.9390625 0.7215277777777778 0.93125 0.6895833333333333 0.93671875 0.6354166666666666 0.931640625 0.6263888888888889 0.923828125 0.6236111111111111 0.91484375 0.6326388888888889 0.91484375 0.6798611111111111 0.90234375 0.7215277777777778 0.9015625 0.7354166666666667 0.90703125 0.7770833333333333 0.912890625 0.7833333333333333 0.92734375 0.7854166666666667 0.93046875 0.7798611111111111 0.93125 0.7590277777777777
1 0.9734375 0.8034722222222223 0.97578125 0.7659722222222223 0.965625 0.71875 0.97265625 0.6631944444444444 0.965234375 0.6486111111111111 0.957421875 0.6458333333333334 0.946875 0.65625 0.94765625 0.7104166666666667 0.9328125 0.7506944444444444 0.93046875 0.78125 0.9359375 0.8229166666666666 0.944140625 0.8319444444444445 0.9578125 0.8354166666666667 0.965625 0.8270833333333333 0.9734375 0.8034722222222223
1 0.02734375 0.6395833333333333 0.02890625 0.6145833333333334 0.0171875 0.5784722222222223 0.01953125 0.53125 0.008203125 0.5222222222222223 0.00078125 0.5326388888888889 0.003125 0.5798611111111112 0 0.6020833333333333 0.009375 0.6381944444444444 0.00859375 0.6673611111111111 0.01328125 0.6701388888888888 0.021875 0.6631944444444444 0.02734375 0.6395833333333333