0 0.6442708333333333 0.7467592592592592 0.6505208333333333 0.7199074074074074 0.6494791666666667 0.6837962962962963 0.6421875 0.6625 0.6294270833333333 0.6444444444444445 0.61640625 0.6361111111111111 0.6028645833333334 0.6361111111111111 0.5908854166666667 0.6444444444444445 0.578125 0.6625 0.5708333333333333 0.6893518518518519 0.5697916666666667 0.7134259259259259 0.5744791666666667 0.7412037037037037 0.5861979166666667 0.7648148148148148 0.5971354166666667 0.7796296296296297 0.6145833333333334 0.7819444444444444 0.63203125 0.7694444444444445 0.6442708333333333 0.7467592592592592
1 0.44947916666666665 0.5115740740740741 0.45208333333333334 0.4625 0.4473958333333333 0.43287037037037035 0.4401041666666667 0.4060185185185185 0.4395833333333333 0.3800925925925926 0.43671875 0.3768518518518518 0.42734375 0.3768518518518518 0.42291666666666666 0.38287037037037036 0.4234375 0.4050925925925926 0.41302083333333334 0.4476851851851852 0.4119791666666667 0.48564814814814816 0.42135416666666664 0.538425925925926 0.42682291666666666 0.5435185185185185 0.43802083333333336 0.5430555555555555 0.44427083333333334 0.5365740740740741 0.44947916666666665 0.5115740740740741
1 0.4890625 0.5365740740740741 0.49322916666666666 0.5106481481481482 0.49322916666666666 0.4773148148148148 0.4796875 0.41064814814814815 0.4822916666666667 0.3819444444444444 0.47942708333333334 0.37777777777777777 0.46588541666666666 0.37777777777777777 0.4635416666666667 0.38287037037037036 0.465625 0.39675925925925926 0.46458333333333335 0.4263888888888889 0.45364583333333336 0.46620370370370373 0.45260416666666664 0.5106481481481482 0.46197916666666666 0.5578703703703703 0.46588541666666666 0.562962962962963 0.47708333333333336 0.5634259259259259 0.484375 0.5578703703703703 0.4890625 0.5365740740740741
1 0.5375 0.5347222222222222 0.5380208333333333 0.5217592592592593 0.534375 0.475462962962963 0.5265625 0.4412037037037037 0.5265625 0.4050925925925926 0.5307291666666667 0.3837962962962963 0.5278645833333333 0.37962962962962965 0.5096354166666667 0.3787037037037037 0.5072916666666667 0.38287037037037036 0.5072916666666667 0.38935185185185184 0.5109375 0.41805555555555557 0.5104166666666666 0.4375 0.4979166666666667 0.4875 0.4973958333333333 0.5208333333333334 0.49895833333333334 0.5393518518518519 0.5052083333333334 0.5560185185185185 0.5078125 0.5791666666666667 0.5138020833333333 0.5842592592592593 0.5197916666666667 0.5837962962962963 0.5291666666666667 0.5773148148148148 0.5375 0.5347222222222222
1 0.5817708333333333 0.5652777777777778 0.5828125 0.5458333333333333 0.58125 0.5013888888888889 0.571875 0.45231481481481484 0.5729166666666666 0.41712962962962963 0.5765625 0.3837962962962963 0.5721354166666667 0.37962962962962965 0.55546875 0.37962962962962965 0.553125 0.3819444444444444 0.5520833333333334 0.3912037037037037 0.5567708333333333 0.44675925925925924 0.5552083333333333 0.46064814814814814 0.5447916666666667 0.5023148148148148 0.5432291666666667 0.5430555555555555 0.553125 0.5967592592592592 0.5565104166666667 0.600925925925926 0.5713541666666667 0.600462962962963 0.575 0.5958333333333333 0.5817708333333333 0.5652777777777778
1 0.6348958333333333 0.5717592592592593 0.6421875 0.5365740740740741 0.6421875 0.49583333333333335 0.6302083333333334 0.44027777777777777 0.6291666666666667 0.4097222222222222 0.6348958333333333 0.3837962962962963 0.63046875 0.37962962962962965 0.61328125 0.37962962962962965 0.6104166666666667 0.38472222222222224 0.6140625 0.41435185185185186 0.6135416666666667 0.44027777777777777 0.6026041666666667 0.48842592592592593 0.6015625 0.5208333333333334 0.6036458333333333 0.5375 0.609375 0.5550925925925926 0.6125 0.5791666666666667 0.6229166666666667 0.5828703703703704 0.6315104166666666 0.5805555555555556 0.6348958333333333 0.5717592592592593
1 0.7 0.524537037037037 0.7026041666666667 0.4976851851851852 0.7020833333333333 0.48009259259259257 0.6994791666666667 0.4597222222222222 0.6901041666666666 0.4217592592592593 0.690625 0.38101851851851853 0.67421875 0.37962962962962965 0.671875 0.38287037037037036 0.6729166666666667 0.4236111111111111 0.6625 0.4625 0.6604166666666667 0.5050925925925925 0.6703125 0.5587962962962963 0.6763020833333333 0.5648148148148148 0.6869791666666667 0.5643518518518519 0.6932291666666667 0.5560185185185185 0.7 0.524537037037037
1 0.753125 0.5300925925925926 0.7588541666666667 0.48842592592592593 0.7588541666666667 0.45694444444444443 0.7463541666666667 0.4050925925925926 0.7453125 0.38287037037037036 0.7424479166666667 0.3787037037037037 0.73203125 0.3787037037037037 0.7291666666666666 0.3819444444444444 0.7302083333333333 0.4050925925925926 0.71875 0.45231481481481484 0.7177083333333333 0.4837962962962963 0.7270833333333333 0.5393518518518519 0.7325520833333333 0.5453703703703704 0.7442708333333333 0.5449074074074074 0.74921875 0.5416666666666666 0.753125 0.5300925925925926
1 0.6541666666666667 0.49583333333333335 0.6552083333333333 0.4671296296296296 0.6505208333333333 0.43287037037037035 0.6432291666666666 0.4050925925925926 0.6416666666666667 0.3837962962962963 0.6393229166666666 0.37962962962962965 0.6338541666666667 0.38472222222222224 0.6286458333333333 0.4162037037037037 0.6302083333333334 0.44027777777777777 0.6416666666666667 0.4912037037037037 0.6421875 0.5375 0.64375 0.5402777777777777 0.6463541666666667 0.5226851851851851 0.6541666666666667 0.49583333333333335
1 0.596875 0.5162037037037037 0.5973958333333333 0.47638888888888886 0.5859375 0.42268518518518516 0.5864583333333333 0.38287037037037036 0.5783854166666667 0.38055555555555554 0.575 0.3837962962962963 0.5765625 0.3921296296296296 0.5729166666666666 0.41805555555555557 0.571875 0.45231481481481484 0.5817708333333333 0.5050925925925925 0.5817708333333333 0.5587962962962963 0.5859375 0.5615740740740741 0.5885416666666666 0.5569444444444445 0.596875 0.5162037037037037
1 0.5536458333333333 0.46064814814814814 0.5536458333333333 0.4532407407407407 0.5421875 0.41064814814814815 0.5390625 0.38287037037037036 0.53359375 0.37962962962962965 0.5302083333333333 0.3837962962962963 0.5260416666666666 0.41064814814814815 0.5265625 0.44027777777777777 0.5348958333333333 0.4773148148148148 0.5395833333333333 0.5291666666666667 0.5385416666666667 0.5365740740740741 0.5416666666666666 0.5375 0.5432291666666667 0.5087962962962963 0.5536458333333333 0.46064814814814814