1 0.36484375 0.33541666666666664 0.35625 0.30069444444444443 0.36171875 0.25625 0.345703125 0.2513888888888889 0.3421875 0.2590277777777778 0.34453125 0.30069444444444443 0.33828125 0.32708333333333334 0.3375 0.3590277777777778 0.344140625 0.3861111111111111 0.3578125 0.38819444444444445 0.365625 0.35208333333333336 0.36484375 0.33541666666666664
1 0.30625 0.3173611111111111 0.2984375 0.2798611111111111 0.29921875 0.2548611111111111 0.289453125 0.25277777777777777 0.2859375 0.2590277777777778 0.2875 0.2798611111111111 0.2796875 0.31875 0.2796875 0.3368055555555556 0.2875 0.3701388888888889 0.2984375 0.37430555555555556 0.30546875 0.3451388888888889 0.30625 0.3173611111111111
1 0.33515625 0.32430555555555557 0.3265625 0.2881944444444444 0.328125 0.2548611111111111 0.320703125 0.2513888888888889 0.31328125 0.25763888888888886 0.3171875 0.28680555555555554 0.30859375 0.3229166666666667 0.30859375 0.3506944444444444 0.318359375 0.3819444444444444 0.328125 0.38263888888888886 0.33515625 0.35208333333333336 0.33515625 0.32430555555555557
1 0.3953125 0.34930555555555554 0.38671875 0.3090277777777778 0.3876926015625 0.27320385 0.3875167703125 0.2593001 0.38224180390625 0.25586321805555556 0.375390625 0.25555555555555554 0.371875 0.26458333333333334 0.37421875 0.3076388888888889 0.3671875 0.33958333333333335 0.36640625 0.3590277777777778 0.36875 0.3784722222222222 0.37350228359375 0.3958312277777778 0.38671875 0.3951388888888889 0.39296875 0.3840277777777778 0.3953125 0.34930555555555554
1 0.43125 0.35347222222222224 0.4296875 0.32430555555555557 0.421875 0.29375 0.4265625 0.25625 0.423828125 0.2513888888888889 0.411328125 0.2513888888888889 0.40859375 0.25763888888888886 0.4109375 0.2965277777777778 0.40234375 0.34930555555555554 0.409375 0.3854166666666667 0.4203125 0.3923611111111111 0.425 0.38819444444444445 0.43125 0.35347222222222224
1 0.46640625 0.3326388888888889 0.45703125 0.28680555555555554 0.46015625 0.25625 0.458984375 0.2513888888888889 0.452734375 0.25 0.44453125 0.2548611111111111 0.446875 0.2881944444444444 0.43828125 0.32569444444444445 0.43828125 0.3423611111111111 0.4453125 0.3784722222222222 0.45625 0.38125 0.4640625 0.3576388888888889 0.46640625 0.3326388888888889
1 0.5 0.32013888888888886 0.49140625 0.2798611111111111 0.49296875 0.25625 0.488671875 0.25 0.481640625 0.25 0.47890625 0.2548611111111111 0.48125 0.2743055555555556 0.47265625 0.3284722222222222 0.4796875 0.36736111111111114 0.48671875 0.3701388888888889 0.49375 0.36319444444444443 0.5 0.32013888888888886
1 0.68125 0.3368055555555556 0.67421875 0.28680555555555554 0.67578125 0.25069444444444444 0.661328125 0.24722222222222223 0.6609375 0.29375 0.65390625 0.3215277777777778 0.6546875 0.3548611111111111 0.660546875 0.375 0.671875 0.3770833333333333 0.678125 0.36319444444444443 0.68125 0.3368055555555556
1 0.6484375 0.31319444444444444 0.64140625 0.27847222222222223 0.64140625 0.2520833333333333 0.631640625 0.24861111111111112 0.62890625 0.2520833333333333 0.6296875 0.27291666666666664 0.621875 0.3090277777777778 0.621875 0.33125 0.62734375 0.36041666666666666 0.631640625 0.3680555555555556 0.6375 0.36875 0.64609375 0.34930555555555554 0.6484375 0.31319444444444444
0 0.428125 0.65625 0.43203125 0.6409722222222223 0.43203125 0.6215277777777778 0.42421875 0.59375 0.416015625 0.5819444444444445 0.394140625 0.5791666666666667 0.37734375 0.60625 0.37421875 0.6395833333333333 0.387109375 0.6722222222222223 0.398828125 0.6833333333333333 0.40859375 0.6826388888888889 0.417578125 0.675 0.428125 0.65625
1 0.03828125 0.3576388888888889 0.03671875 0.32430555555555557 0.03203125 0.30069444444444443 0.03359375 0.25625 0.022265625 0.2513888888888889 0.01640625 0.2590277777777778 0.01953125 0.30069444444444443 0.01484375 0.32430555555555557 0.0140625 0.3701388888888889 0.019921875 0.3819444444444444 0.03203125 0.38819444444444445 0.0375 0.37430555555555556 0.03828125 0.3576388888888889
1 0.0140625 0.35625 0.0140625 0.32013888888888886 0.00625 0.28680555555555554 0.0078125 0.25763888888888886 0.003515625 0.2513888888888889 0 0.2520833333333333 0.0015625 0.3854166666666667 0.01171875 0.3770833333333333 0.0140625 0.35625
1 0.08125 0.3284722222222222 0.071875 0.28680555555555554 0.07421875 0.2590277777777778 0.070703125 0.2513888888888889 0.062890625 0.2513888888888889 0.05703125 0.2590277777777778 0.0609375 0.2881944444444444 0.0546875 0.3173611111111111 0.05390625 0.34930555555555554 0.05859375 0.3770833333333333 0.062890625 0.38333333333333336 0.071875 0.38263888888888886 0.08046875 0.3576388888888889 0.08125 0.3284722222222222
1 0.11796875 0.3145833333333333 0.10859375 0.27569444444444446 0.1109375 0.25763888888888886 0.100390625 0.25277777777777777 0.09765625 0.25763888888888886 0.09921875 0.2798611111111111 0.0921875 0.3215277777777778 0.09296875 0.34375 0.1 0.3729166666666667 0.1109375 0.37569444444444444 0.1171875 0.34791666666666665 0.11796875 0.3145833333333333
1 0.053125 0.32569444444444445 0.0515625 0.30069444444444443 0.0453125 0.27569444444444446 0.04609375 0.25763888888888886 0.042578125 0.25277777777777777 0.03359375 0.25625 0.03203125 0.28541666666666665 0.0375 0.3423611111111111 0.03671875 0.3729166666666667 0.03984375 0.3784722222222222 0.0484375 0.36875 0.053125 0.32569444444444445