1 0.8109375 0.5354166666666667 0.81875 0.48125 0.81875 0.4576388888888889 0.8140625 0.4201388888888889 0.803125 0.3770833333333333 0.80234375 0.34930555555555554 0.784765625 0.3458333333333333 0.7828125 0.3770833333333333 0.76796875 0.43819444444444444 0.76640625 0.4840277777777778 0.778125 0.5506944444444445 0.782421875 0.5569444444444445 0.8015625 0.5576388888888889 0.8078125 0.5506944444444445 0.8109375 0.5354166666666667
1 0.74609375 0.5243055555555556 0.74765625 0.46597222222222223 0.73203125 0.3993055555555556 0.73203125 0.34652777777777777 0.711328125 0.34444444444444444 0.70859375 0.34930555555555554 0.71015625 0.39791666666666664 0.69609375 0.46041666666666664 0.6953125 0.5020833333333333 0.70078125 0.5368055555555555 0.713671875 0.5513888888888889 0.726171875 0.5763888888888888 0.73125 0.5770833333333333 0.73671875 0.5701388888888889 0.74609375 0.5243055555555556
1 0.4125 0.5298611111111111 0.42109375 0.5020833333333333 0.42265625 0.4534722222222222 0.40625 0.3770833333333333 0.4046875 0.34930555555555554 0.391796875 0.3472222222222222 0.37265625 0.4423611111111111 0.37109375 0.47708333333333336 0.38359375 0.5534722222222223 0.387109375 0.5583333333333333 0.40625 0.5576388888888889 0.41015625 0.5520833333333334 0.4125 0.5298611111111111
1 0.4734375 0.5659722222222222 0.484375 0.5048611111111111 0.484375 0.47847222222222224 0.48203125 0.4548611111111111 0.46796875 0.39791666666666664 0.46875 0.34930555555555554 0.448046875 0.3472222222222222 0.446875 0.39791666666666664 0.43203125 0.46597222222222223 0.43203125 0.5090277777777777 0.4453125 0.5743055555555555 0.451171875 0.5805555555555556 0.4609375 0.5798611111111112 0.468359375 0.5763888888888888 0.4734375 0.5659722222222222
1 0.5421875 0.5493055555555556 0.54375 0.4840277777777778 0.52734375 0.4048611111111111 0.53125 0.34930555555555554 0.505078125 0.3472222222222222 0.50703125 0.41458333333333336 0.49296875 0.4798611111111111 0.4921875 0.5229166666666667 0.50546875 0.59375 0.508203125 0.5986111111111111 0.52734375 0.5979166666666667 0.53359375 0.5923611111111111 0.5421875 0.5493055555555556
1 0.5546875 0.45625 0.55 0.42291666666666666 0.53828125 0.3770833333333333 0.53828125 0.35208333333333336 0.534765625 0.3472222222222222 0.505859375 0.3472222222222222 0.50390625 0.3506944444444444 0.506640625 0.3763888888888889 0.510546875 0.35833333333333334 0.521484375 0.36527777777777776 0.52734375 0.36180555555555555 0.5265625 0.41180555555555554 0.5421875 0.4756944444444444 0.5453125 0.5423611111111111 0.55390625 0.5020833333333333 0.5546875 0.45625
1 0.5953125 0.6104166666666667 0.60703125 0.5423611111111111 0.6046875 0.4895833333333333 0.58984375 0.4201388888888889 0.59140625 0.3923611111111111 0.596875 0.38263888888888886 0.59921875 0.3548611111111111 0.59921875 0.34930555555555554 0.594921875 0.3458333333333333 0.565625 0.34930555555555554 0.56875 0.4354166666666667 0.55625 0.48819444444444443 0.553125 0.5159722222222223 0.5546875 0.5548611111111111 0.565625 0.6104166666666667 0.570703125 0.6194444444444445 0.58125 0.6201388888888889 0.591015625 0.6180555555555556 0.5953125 0.6104166666666667
1 0.591015625 0.3486111111111111 0.565625 0.34930555555555554 0.56953125 0.41180555555555554 0.57265625 0.3590277777777778 0.591015625 0.3486111111111111
1 0.61640625 0.47847222222222224 0.609375 0.4326388888888889 0.59921875 0.3951388888888889 0.60078125 0.34930555555555554 0.596484375 0.3458333333333333 0.59296875 0.34930555555555554 0.59375 0.36736111111111114 0.58984375 0.38680555555555557 0.58984375 0.3951388888888889 0.59296875 0.39791666666666664 0.58984375 0.40208333333333335 0.58984375 0.42430555555555555 0.60390625 0.4840277777777778 0.60859375 0.5465277777777777 0.615625 0.5090277777777777 0.61640625 0.47847222222222224
1 0.666015625 0.5388888888888889 0.674609375 0.5361111111111111 0.67734375 0.5243055555555556 0.675 0.47708333333333336 0.6625 0.41875 0.66171875 0.38958333333333334 0.66796875 0.34930555555555554 0.664453125 0.34305555555555556 0.63828125 0.34652777777777777 0.640625 0.41875 0.625 0.4895833333333333 0.62734375 0.5423611111111111 0.6375 0.5868055555555556 0.650390625 0.5569444444444445 0.666015625 0.5388888888888889
1 0.6859375 0.45069444444444445 0.67109375 0.3770833333333333 0.670703125 0.3458333333333333 0.6640625 0.36736111111111114 0.66171875 0.4076388888888889 0.67421875 0.46875 0.6796875 0.51875 0.6859375 0.48541666666666666 0.6859375 0.45069444444444445
0 0.72578125 0.6673611111111111 0.7328125 0.6354166666666666 0.73203125 0.6020833333333333 0.725 0.5743055555555555 0.710546875 0.5486111111111112 0.694921875 0.5361111111111111 0.665234375 0.5402777777777777 0.653515625 0.5527777777777778 0.63828125 0.5881944444444445 0.63515625 0.6076388888888888 0.63671875 0.6493055555555556 0.6421875 0.6701388888888888 0.656640625 0.6958333333333333 0.679296875 0.7111111111111111 0.69453125 0.7118055555555556 0.714453125 0.6902777777777778 0.72578125 0.6673611111111111