1 0.459375 0.4097222222222222 0.4635416666666667 0.38287037037037036 0.4635416666666667 0.3680555555555556 0.45989583333333334 0.3476851851851852 0.453125 0.3282407407407407 0.45625 0.2847222222222222 0.44765625 0.2814814814814815 0.44166666666666665 0.28564814814814815 0.4421875 0.3060185185185185 0.44583333333333336 0.32916666666666666 0.4390625 0.3486111111111111 0.43697916666666664 0.3819444444444444 0.43802083333333336 0.3976851851851852 0.4421875 0.4162037037037037 0.4466145833333333 0.42314814814814816 0.45208333333333334 0.42268518518518516 0.4549479166666667 0.4212962962962963 0.459375 0.4097222222222222
1 0.49114583333333334 0.4060185185185185 0.49270833333333336 0.37824074074074077 0.490625 0.36342592592592593 0.48385416666666664 0.3421296296296296 0.4864583333333333 0.29398148148148145 0.4830729166666667 0.2851851851851852 0.4778645833333333 0.2833333333333333 0.4713541666666667 0.29212962962962963 0.4734375 0.3421296296296296 0.465625 0.3763888888888889 0.465625 0.39305555555555555 0.471875 0.4273148148148148 0.4747395833333333 0.43148148148148147 0.4817708333333333 0.4310185185185185 0.4859375 0.4263888888888889 0.49114583333333334 0.4060185185185185
1 0.5182291666666666 0.42824074074074076 0.5223958333333333 0.39861111111111114 0.5192708333333333 0.3587962962962963 0.5125 0.3421296296296296 0.5145833333333333 0.3300925925925926 0.5145833333333333 0.30416666666666664 0.50859375 0.29259259259259257 0.5044270833333333 0.2935185185185185 0.5015625 0.29953703703703705 0.503125 0.3458333333333333 0.4947916666666667 0.3875 0.4984375 0.42453703703703705 0.5020833333333333 0.43842592592592594 0.5067708333333333 0.4412037037037037 0.5143229166666666 0.43703703703703706 0.5182291666666666 0.42824074074074076
1 0.5505208333333333 0.42268518518518516 0.5520833333333334 0.3736111111111111 0.5505208333333333 0.36435185185185187 0.5432291666666667 0.3523148148148148 0.5463541666666667 0.30972222222222223 0.54296875 0.30185185185185187 0.5377604166666666 0.29814814814814816 0.53359375 0.30092592592592593 0.5296875 0.31157407407407406 0.5328125 0.35324074074074074 0.5244791666666667 0.38842592592592595 0.5239583333333333 0.4125 0.5291666666666667 0.44305555555555554 0.5325520833333334 0.44814814814814813 0.5421875 0.4476851851851852 0.5458333333333333 0.44305555555555554 0.5505208333333333 0.42268518518518516
1 0.5890625 0.3912037037037037 0.5796875 0.3421296296296296 0.5817708333333333 0.3050925925925926 0.5778645833333333 0.2935185185185185 0.57265625 0.29074074074074074 0.56875 0.2949074074074074 0.5671875 0.30324074074074076 0.5697916666666667 0.34305555555555556 0.5630208333333333 0.37453703703703706 0.5614583333333333 0.39490740740740743 0.56875 0.43657407407407406 0.5807291666666666 0.43842592592592594 0.5885416666666666 0.4134259259259259 0.5890625 0.3912037037037037
1 0.6234375 0.4097222222222222 0.6260416666666667 0.3763888888888889 0.6171875 0.33564814814814814 0.61875 0.29212962962962963 0.6158854166666666 0.2833333333333333 0.60859375 0.2824074074074074 0.6052083333333333 0.2884259259259259 0.6041666666666666 0.2986111111111111 0.6072916666666667 0.3347222222222222 0.5994791666666667 0.3680555555555556 0.5984375 0.3837962962962963 0.6010416666666667 0.4060185185185185 0.6067708333333334 0.42824074074074076 0.6161458333333333 0.4300925925925926 0.6192708333333333 0.4273148148148148 0.6234375 0.4097222222222222
1 0.6609375 0.38564814814814813 0.6609375 0.36342592592592593 0.6526041666666667 0.3263888888888889 0.6557291666666667 0.2847222222222222 0.65234375 0.2796296296296296 0.6440104166666667 0.2796296296296296 0.6416666666666667 0.28379629629629627 0.6447916666666667 0.32175925925925924 0.6364583333333333 0.3560185185185185 0.6348958333333333 0.37546296296296294 0.6411458333333333 0.41435185185185186 0.6440104166666667 0.41944444444444445 0.6479166666666667 0.4199074074074074 0.6552083333333333 0.4162037037037037 0.6609375 0.38564814814814813
1 0.5270833333333333 0.3699074074074074 0.5260416666666666 0.35138888888888886 0.5197916666666667 0.3236111111111111 0.5234375 0.2847222222222222 0.5216145833333333 0.2814814814814815 0.5143229166666666 0.28055555555555556 0.509375 0.2847222222222222 0.5145833333333333 0.3060185185185185 0.5130208333333334 0.3421296296296296 0.5197916666666667 0.3625 0.5223958333333333 0.3902777777777778 0.5260416666666666 0.38287037037037036 0.5270833333333333 0.3699074074074074
1 0.559375 0.3773148148148148 0.5494791666666666 0.33564814814814814 0.5515625 0.29212962962962963 0.54921875 0.2851851851851852 0.54453125 0.2824074074074074 0.5385416666666667 0.2875 0.5369791666666667 0.29768518518518516 0.5424479166666667 0.30277777777777776 0.5453125 0.31157407407407406 0.5427083333333333 0.3523148148148148 0.5489583333333333 0.3625 0.5515625 0.37546296296296294 0.5489583333333333 0.4263888888888889 0.553125 0.4263888888888889 0.5583333333333333 0.3976851851851852 0.559375 0.3773148148148148
1 0.5953125 0.3680555555555556 0.5864583333333333 0.3282407407407407 0.5880208333333333 0.2847222222222222 0.5856770833333333 0.28055555555555556 0.57734375 0.28055555555555556 0.5739583333333333 0.2875 0.5796875 0.2986111111111111 0.58125 0.30787037037037035 0.5796875 0.3421296296296296 0.5890625 0.40324074074074073 0.5942708333333333 0.38842592592592595 0.5953125 0.3680555555555556
0 0.5848958333333333 0.5199074074074074 0.5895833333333333 0.5013888888888889 0.590625 0.4875 0.5869791666666667 0.46805555555555556 0.58046875 0.4546296296296296 0.57265625 0.44722222222222224 0.5591145833333333 0.4462962962962963 0.54765625 0.45555555555555555 0.5411458333333333 0.4689814814814815 0.5385416666666667 0.4828703703703704 0.5385416666666667 0.5023148148148148 0.5416666666666666 0.5152777777777777 0.5533854166666666 0.5388888888888889 0.565625 0.5412037037037037 0.57109375 0.5398148148148149 0.5848958333333333 0.5199074074074074