1 0.62265625 0.4534722222222222 0.6234375 0.39791666666666664 0.620703125 0.39305555555555555 0.607421875 0.39305555555555555 0.60546875 0.3993055555555556 0.60859375 0.44930555555555557 0.6 0.5118055555555555 0.6296875 0.5131944444444444 0.63046875 0.48680555555555555 0.62265625 0.4534722222222222
1 0.10625 0.5659722222222222 0.1078125 0.5145833333333333 0.09921875 0.4756944444444444 0.10078125 0.41875 0.090234375 0.40555555555555556 0.0828125 0.4215277777777778 0.0859375 0.47430555555555554 0.0765625 0.5159722222222223 0.07578125 0.5368055555555555 0.0828125 0.5826388888888889 0.090234375 0.5888888888888889 0.09921875 0.5881944444444445 0.10234375 0.5854166666666667 0.10625 0.5659722222222222
1 0.05390625 0.55625 0.05234375 0.5159722222222223 0.04609375 0.48541666666666666 0.046875 0.43125 0.042578125 0.41944444444444445 0.033984375 0.41805555555555557 0.02890625 0.4326388888888889 0.03125 0.48819444444444443 0.0234375 0.51875 0.021875 0.5590277777777778 0.032421875 0.6013888888888889 0.04609375 0.6006944444444444 0.0515625 0.5895833333333333 0.05390625 0.55625
1 0 0.5881944444444445 0.01015625 0.5895833333333333 0.01640625 0.5854166666666667 0.0203125 0.5659722222222222 0.02109375 0.5159722222222223 0.0125 0.47430555555555554 0.01484375 0.4215277777777778 0.012109375 0.4111111111111111 0.003515625 0.40694444444444444 0 0.41041666666666665 0 0.5881944444444445
1 0.159375 0.5173611111111112 0.14765625 0.4534722222222222 0.15 0.40902777777777777 0.146484375 0.4 0.139453125 0.39861111111111114 0.1328125 0.4076388888888889 0.1359375 0.4618055555555556 0.12890625 0.4909722222222222 0.1265625 0.5284722222222222 0.134375 0.5715277777777777 0.137890625 0.5763888888888888 0.15 0.5756944444444444 0.15546875 0.5645833333333333 0.159375 0.5173611111111112
1 0.20859375 0.5034722222222222 0.196875 0.4534722222222222 0.19921875 0.3993055555555556 0.196484375 0.39444444444444443 0.184765625 0.39444444444444443 0.18203125 0.3993055555555556 0.184375 0.45625 0.17734375 0.48680555555555555 0.1765625 0.5256944444444445 0.184765625 0.5625 0.2 0.5645833333333333 0.20390625 0.5590277777777778 0.20859375 0.5034722222222222
1 0.12578125 0.5006944444444444 0.115625 0.4465277777777778 0.11640625 0.39791666666666664 0.105859375 0.39305555555555555 0.10078125 0.39652777777777776 0.1 0.4048611111111111 0.10234375 0.42986111111111114 0.1 0.47847222222222224 0.1078125 0.5145833333333333 0.10703125 0.5631944444444444 0.11640625 0.5659722222222222 0.12265625 0.5506944444444445 0.12578125 0.5006944444444444
1 0.075 0.5048611111111111 0.06484375 0.46458333333333335 0.0671875 0.40625 0.058203125 0.3972222222222222 0.05 0.40902777777777777 0.05234375 0.46458333333333335 0.04765625 0.49375 0.05234375 0.5159722222222223 0.053125 0.5743055555555555 0.0671875 0.5770833333333333 0.07421875 0.5479166666666667 0.075 0.5048611111111111
1 0.02890625 0.42569444444444443 0.034375 0.41180555555555554 0.031640625 0.39444444444444443 0.019921875 0.39444444444444443 0.01640625 0.4048611111111111 0.01875 0.45625 0.015625 0.48125 0.02421875 0.5131944444444444 0.03046875 0.48541666666666666 0.02890625 0.42569444444444443
1 0.8640625 0.48680555555555555 0.85546875 0.4534722222222222 0.8578125 0.39652777777777776 0.842578125 0.39305555555555555 0.83984375 0.39791666666666664 0.8421875 0.4534722222222222 0.834375 0.48819444444444443 0.83359375 0.5173611111111112 0.840625 0.5576388888888889 0.85546875 0.5604166666666667 0.86484375 0.51875 0.8640625 0.48680555555555555
1 0.90546875 0.5298611111111111 0.9046875 0.4965277777777778 0.89609375 0.46041666666666664 0.89765625 0.40069444444444446 0.894140625 0.39166666666666666 0.885546875 0.39166666666666666 0.88046875 0.3993055555555556 0.88203125 0.4618055555555556 0.871875 0.5076388888888889 0.8765625 0.55625 0.883203125 0.5722222222222222 0.8875 0.5729166666666666 0.8984375 0.56875 0.90546875 0.5298611111111111
1 0.9460580500000001 0.5425727027777778 0.9469970156249999 0.5087837236111111 0.94488435078125 0.4808348111111111 0.9373725937499999 0.45246875138888887 0.9366683617187499 0.4078339152777778 0.9303303359375 0.4015767013888889 0.922114346875 0.40574818194444445 0.92000168203125 0.41701117083333333 0.92000168203125 0.4345313875 0.92187961328125 0.45830881944444446 0.91741951875 0.47666332916666665 0.9120204578125 0.5125380569444444 0.9110814609375 0.547995625 0.92109375 0.5798611111111112 0.934375 0.5840277777777778 0.9421875 0.5743055555555555 0.9460580500000001 0.5425727027777778
1 0.990625 0.5520833333333334 0.9921875 0.5090277777777777 0.98125 0.45625 0.98359375 0.3993055555555556 0.980859375 0.39166666666666666 0.973046875 0.3888888888888889 0.969140625 0.39166666666666666 0.96484375 0.40347222222222223 0.96328125 0.4354166666666667 0.965625 0.46597222222222223 0.95859375 0.4965277777777778 0.95546875 0.5423611111111111 0.96328125 0.5881944444444445 0.970703125 0.5930555555555556 0.98203125 0.5923611111111111 0.9859375 0.5826388888888889 0.990625 0.5520833333333334
2 0.337890625 0.5833333333333334 0.367578125 0.5791666666666667 0.616796875 0.575 0.629296875 0.5833333333333334 0.660546875 0.5861111111111111 0.66640625 0.5784722222222223 0.66796875 0.5493055555555556 0.66484375 0.5173611111111112 0.657421875 0.5138888888888888 0.351171875 0.5194444444444445 0.279296875 0.5236111111111111 0.2640625 0.5298611111111111 0.2640625 0.5743055555555555 0.269140625 0.5944444444444444 0.281640625 0.6027777777777777 0.3140625 0.6020833333333333 0.325390625 0.6 0.337890625 0.5833333333333334