0 0.4825520833333333 0.6055555555555555 0.49166666666666664 0.5875 0.496875 0.5625 0.49635416666666665 0.5486111111111112 0.49270833333333336 0.5319444444444444 0.48411458333333335 0.5166666666666667 0.47265625 0.5074074074074074 0.4622395833333333 0.5083333333333333 0.4513020833333333 0.5157407407407407 0.4432291666666667 0.5319444444444444 0.4401041666666667 0.5467592592592593 0.4401041666666667 0.5652777777777778 0.44635416666666666 0.5921296296296297 0.45651041666666664 0.6092592592592593 0.46822916666666664 0.6125 0.47421875 0.612037037037037 0.4825520833333333 0.6055555555555555
1 0.6098958333333333 0.22083333333333333 0.6057291666666667 0.19490740740740742 0.6005208333333333 0.18194444444444444 0.6046875 0.14675925925925926 0.6013020833333333 0.1425925925925926 0.5924479166666666 0.1425925925925926 0.590625 0.15231481481481482 0.5947916666666667 0.18194444444444444 0.5921875 0.18564814814814815 0.5864583333333333 0.20972222222222223 0.5848958333333333 0.23194444444444445 0.5916666666666667 0.2689814814814815 0.6005208333333333 0.2708333333333333 0.60625 0.2587962962962963 0.6098958333333333 0.22083333333333333
1 0.6385416666666667 0.25787037037037036 0.6432291666666666 0.21157407407407408 0.640625 0.19212962962962962 0.6338541666666667 0.17546296296296296 0.6380208333333334 0.14583333333333334 0.6361979166666667 0.14166666666666666 0.6278645833333333 0.14166666666666666 0.625 0.1476851851851852 0.6260416666666667 0.16157407407407406 0.6296875 0.17453703703703705 0.6234375 0.1884259259259259 0.6192708333333333 0.20972222222222223 0.61875 0.2263888888888889 0.6244791666666667 0.26064814814814813 0.6328125 0.26435185185185184 0.63671875 0.26296296296296295 0.6385416666666667 0.25787037037037036
1 0.5828125 0.21157407407407408 0.5739583333333333 0.17546296296296296 0.5760416666666667 0.14675925925925926 0.5721354166666667 0.14351851851851852 0.5692708333333333 0.14675925925925926 0.5703125 0.16342592592592592 0.5677083333333334 0.18472222222222223 0.5770833333333333 0.24861111111111112 0.58125 0.24212962962962964 0.5828125 0.21157407407407408
1 0.5109375 0.26805555555555555 0.5145833333333333 0.24583333333333332 0.5145833333333333 0.22824074074074074 0.5067708333333333 0.1912037037037037 0.5109375 0.14675925925925926 0.4981770833333333 0.14351851851851852 0.4953125 0.14675925925925926 0.4947916666666667 0.15231481481481482 0.4973958333333333 0.1884259259259259 0.49114583333333334 0.20972222222222223 0.48854166666666665 0.2375 0.4942708333333333 0.27175925925925926 0.4981770833333333 0.27685185185185185 0.503125 0.2763888888888889 0.5080729166666667 0.2740740740740741 0.5109375 0.26805555555555555
1 0.4864583333333333 0.22175925925925927 0.48333333333333334 0.1986111111111111 0.47708333333333336 0.18101851851851852 0.48072916666666665 0.14675925925925926 0.47369791666666666 0.1425925925925926 0.4666666666666667 0.14675925925925926 0.4703125 0.18194444444444444 0.4666666666666667 0.18935185185185185 0.4625 0.20879629629629629 0.4609375 0.2263888888888889 0.4666666666666667 0.2625 0.46901041666666665 0.26851851851851855 0.475 0.26990740740740743 0.4828125 0.26064814814814813 0.4864583333333333 0.22175925925925927
1 0.459375 0.2162037037037037 0.4557291666666667 0.18935185185185185 0.44947916666666665 0.17453703703703705 0.45260416666666664 0.14675925925925926 0.44557291666666665 0.14444444444444443 0.440625 0.1486111111111111 0.4432291666666667 0.17453703703703705 0.4354166666666667 0.20324074074074075 0.4348958333333333 0.2273148148148148 0.4401041666666667 0.25787037037037036 0.4434895833333333 0.262037037037037 0.45208333333333334 0.26157407407407407 0.45729166666666665 0.24305555555555555 0.459375 0.2162037037037037
1 0.51875 0.20972222222222223 0.5125 0.17546296296296296 0.5140625 0.14675925925925926 0.5091145833333334 0.14351851851851852 0.5072916666666667 0.14583333333333334 0.5078125 0.1699074074074074 0.5057291666666667 0.19027777777777777 0.5083333333333333 0.20972222222222223 0.5145833333333333 0.22546296296296298 0.5182291666666666 0.21898148148148147 0.51875 0.20972222222222223
1 0.8260416666666667 0.2152777777777778 0.821875 0.1875 0.8171875 0.17453703703703705 0.8197916666666667 0.14027777777777778 0.8158854166666667 0.13703703703703704 0.8075520833333333 0.1388888888888889 0.80625 0.14212962962962963 0.8104166666666667 0.17453703703703705 0.8067708333333333 0.18101851851851852 0.8015625 0.20416666666666666 0.8010416666666667 0.2310185185185185 0.8057291666666667 0.2587962962962963 0.8080729166666667 0.262037037037037 0.8177083333333334 0.26157407407407407 0.8244791666666667 0.23657407407407408 0.8260416666666667 0.2152777777777778
1 0.8546875 0.2523148148148148 0.8572916666666667 0.2199074074074074 0.8552083333333333 0.20324074074074075 0.8479166666666667 0.18101851851851852 0.8515625 0.15324074074074073 0.8510416666666667 0.1412037037037037 0.8481770833333333 0.13703703703703704 0.84140625 0.1361111111111111 0.8369791666666667 0.14027777777777778 0.8390625 0.18194444444444444 0.83125 0.20972222222222223 0.8302083333333333 0.22916666666666666 0.8317708333333333 0.2449074074074074 0.8380208333333333 0.2652777777777778 0.846875 0.2689814814814815 0.8515625 0.26342592592592595 0.8546875 0.2523148148148148
1 0.8869791666666667 0.2587962962962963 0.8901041666666667 0.20972222222222223 0.8828125 0.17546296296296296 0.8848958333333333 0.1412037037037037 0.8815104166666666 0.13703703703703704 0.87421875 0.1361111111111111 0.86875 0.14583333333333334 0.8703125 0.18564814814814815 0.8640625 0.20972222222222223 0.8614583333333333 0.23287037037037037 0.8630208333333333 0.24953703703703703 0.8697916666666666 0.2625 0.8697916666666666 0.27361111111111114 0.8791666666666667 0.2773148148148148 0.8838541666666667 0.27361111111111114 0.8869791666666667 0.2587962962962963
1 0.9197916666666667 0.25787037037037036 0.9213541666666667 0.2199074074074074 0.9140625 0.18194444444444444 0.915625 0.13842592592592592 0.90859375 0.13240740740740742 0.9033854166666667 0.1361111111111111 0.9005208333333333 0.1449074074074074 0.9015625 0.19027777777777777 0.8932291666666666 0.2300925925925926 0.8932291666666666 0.2513888888888889 0.8989583333333333 0.2810185185185185 0.9018229166666667 0.28425925925925927 0.9114583333333334 0.28379629629629627 0.9145833333333333 0.2810185185185185 0.9197916666666667 0.25787037037037036
1 0.9515625 0.25787037037037036 0.9546875 0.21898148148148147 0.9515625 0.19212962962962962 0.946875 0.17546296296296296 0.9494791666666667 0.15416666666666667 0.9486979166666667 0.13333333333333333 0.9377604166666667 0.13518518518518519 0.934375 0.13935185185185187 0.9333333333333333 0.15601851851851853 0.9354166666666667 0.18194444444444444 0.9286458333333333 0.2125 0.9265625 0.23657407407407408 0.9270833333333334 0.24768518518518517 0.9333333333333333 0.2726851851851852 0.9447916666666667 0.2763888888888889 0.9479166666666666 0.27361111111111114 0.9515625 0.25787037037037036
1 0.9848958333333333 0.24953703703703703 0.9875 0.2162037037037037 0.9854166666666667 0.19953703703703704 0.9791666666666666 0.17731481481481481 0.9828125 0.1375 0.98046875 0.13333333333333333 0.9721354166666667 0.13240740740740742 0.9666666666666667 0.13935185185185187 0.9671875 0.1625 0.9703125 0.1763888888888889 0.9609375 0.20787037037037037 0.959375 0.23194444444444445 0.9645833333333333 0.2625 0.9690104166666667 0.26944444444444443 0.9770833333333333 0.2689814814814815 0.9817708333333334 0.2625 0.9848958333333333 0.24953703703703703
1 0.20677083333333332 0.25787037037037036 0.2078125 0.2263888888888889 0.2 0.18472222222222223 0.20208333333333334 0.14675925925925926 0.19973958333333333 0.14166666666666666 0.19505208333333332 0.14074074074074075 0.19010416666666666 0.14583333333333334 0.1890625 0.15324074074074073 0.19010416666666666 0.18287037037037038 0.184375 0.22361111111111112 0.184375 0.2662037037037037 0.18932291666666667 0.2824074074074074 0.19739583333333333 0.2865740740740741 0.20052083333333334 0.28564814814814815 0.20677083333333332 0.25787037037037036
1 0.28489583333333335 0.2439814814814815 0.2864583333333333 0.21064814814814814 0.2786458333333333 0.1763888888888889 0.2796875 0.1449074074074074 0.2747395833333333 0.13796296296296295 0.2703125 0.14583333333333334 0.265625 0.22824074074074074 0.2703125 0.2671296296296296 0.2786458333333333 0.2689814814814815 0.28229166666666666 0.26157407407407407 0.28489583333333335 0.2439814814814815