1 0.63515625 0.41041666666666665 0.62734375 0.3701388888888889 0.63046875 0.3423611111111111 0.627734375 0.33611111111111114 0.619921875 0.33611111111111114 0.6171875 0.3423611111111111 0.61953125 0.3784722222222222 0.61328125 0.40347222222222223 0.6125 0.42430555555555555 0.61796875 0.4548611111111111 0.628125 0.4576388888888889 0.634375 0.4326388888888889 0.63515625 0.41041666666666665
0 0.60625 0.6076388888888888 0.594140625 0.5791666666666667 0.580078125 0.5736111111111111 0.55859375 0.5923611111111111 0.5546875 0.6215277777777778 0.55859375 0.6423611111111112 0.565234375 0.6541666666666667 0.576171875 0.6666666666666666 0.5859375 0.6659722222222222 0.603125 0.6395833333333333 0.60625 0.6076388888888888
1 0.8590954148437501 0.42518364444444445 0.85895236875 0.4085208069444444 0.8556214179687499 0.39122970277777774 0.85165115546875 0.3744731958333333 0.8536362867187499 0.35286613194444444 0.85348361875 0.3390763625 0.8484252921875 0.33434579722222224 0.8419735984375001 0.3383144430555556 0.84020236875 0.35018747361111113 0.84332736875 0.3710208069444444 0.83825146875 0.39122970277777774 0.83473361875 0.4085208069444444 0.83551486875 0.42796525138888886 0.837258903125 0.4428220694444444 0.8419735984375001 0.45605088749999995 0.85239558828125 0.45693280694444444 0.8566086187499999 0.44324302916666664 0.8590954148437501 0.42518364444444445
1 0.8887515289062501 0.4282703736111111 0.8881067515625001 0.4145173361111111 0.8852775328125 0.3978441041666666 0.8802942515625001 0.37979511388888887 0.88254796875 0.3603624666666667 0.8826380015625 0.3422951138888889 0.8783411265625001 0.3360451138888889 0.8720911265625 0.3360451138888889 0.8685755015625001 0.3422951138888889 0.86890014921875 0.35948054166666665 0.8709192515625 0.38118400277777775 0.8664187515625 0.40225371111111113 0.8631067515625 0.428406225 0.8685755015625001 0.45618400277777776 0.8728723765625 0.4652117805555555 0.8795130015625 0.46590622499999995 0.8865442515625 0.4478506694444444 0.8887515289062501 0.4282703736111111
1 0.91927303125 0.4300342097222222 0.9175829359375 0.41520122083333333 0.9121141859374999 0.3860345541666667 0.9136766859375 0.3540901097222222 0.9117235609375 0.34089566527777776 0.9023485609374999 0.3395067763888889 0.8980516859375 0.35131233194444444 0.8996141859375 0.3832567763888889 0.8949550890625 0.4075452347222222 0.8929699578125 0.43885342222222223 0.8949550890625 0.4564918472222222 0.8989253523437499 0.4697206652777777 0.91182877265625 0.4710435430555555 0.9170397335937499 0.4516412819444444 0.91927303125 0.4300342097222222
1 0.94957736875 0.4422951 0.94957736875 0.4172951 0.94176486875 0.38535065555555553 0.94410861875 0.34646176666666667 0.93824924375 0.3346562111111111 0.93356174375 0.3346562111111111 0.92926486875 0.3422951 0.92770236875 0.36868398888888887 0.93004611875 0.38951732222222224 0.92223361875 0.42423954444444445 0.9230148687499999 0.4534062111111111 0.92926486875 0.47146176666666667 0.94371799375 0.46937843333333334 0.94957736875 0.4422951
1 0.98130529765625 0.43400285694444446 0.97857573359375 0.4119548416666667 0.9746054703125001 0.39034776944444444 0.9743573375000001 0.3700635902777778 0.9748536039062501 0.3546299763888889 0.97486231953125 0.3398262722222222 0.9706352078125 0.3339048375 0.96275294453125 0.33496516111111113 0.9592206531249999 0.34492884583333333 0.9607095179687499 0.36521303194444443 0.95923731953125 0.38565960555555556 0.95298731953125 0.41760405 0.95298731953125 0.4439929388888889 0.95884669453125 0.4710762722222222 0.97410917109375 0.4719254611111111 0.97876856953125 0.45649293888888887 0.98130529765625 0.43400285694444446
1 0.9947473765625 0.33187843333333333 0.9904505015625 0.3422951 0.9935755015625001 0.3784062111111111 0.9865442515625 0.4020173222222222 0.9842005015625 0.4284062111111111 0.9904505015625 0.46035065555555554 0.99991597890625 0.46222433055555556 0.9996678125 0.3339048375 0.9947473765625 0.33187843333333333
1 0.3269201515625 0.44573841249999996 0.3256566171875 0.43114402222222226 0.32407726328124997 0.4165496125 0.3218661421875 0.3918514 0.32265625 0.36319444444444443 0.319921875 0.3472222222222222 0.312890625 0.3472222222222222 0.30859375 0.3548611111111111 0.3085994359375 0.37220509999999996 0.31015625 0.3951388888888889 0.30733594453125 0.40981373750000005 0.3046875 0.42430555555555555 0.30354546953125 0.43787989583333337 0.30546875 0.45208333333333334 0.309765625 0.4736111111111111 0.31953125 0.47430555555555554 0.325 0.46041666666666664 0.3269201515625 0.44573841249999996
1 0.3610345140625 0.42553079027777774 0.3609375 0.41180555555555554 0.35625 0.3854166666666667 0.35629640937499996 0.36210129722222223 0.3547170125 0.34750688750000003 0.348046875 0.3402777777777778 0.34375 0.3451388888888889 0.3421875 0.35625 0.34460907890625003 0.3716437777777778 0.34375 0.38958333333333334 0.341766190625 0.4137430055555556 0.340625 0.44375 0.345703125 0.4666666666666667 0.3546875 0.4673611111111111 0.36015625 0.45208333333333334 0.3610345140625 0.42553079027777774
1 0.39293775468750003 0.4440544486111111 0.3945171515625 0.42777607500000003 0.39293775468750003 0.41542696944444446 0.39167426328125 0.3997099361111111 0.39104253828125 0.3851155263888889 0.38819965 0.35985599305555555 0.38788378749999997 0.34133234444444444 0.380859375 0.3375 0.3765625 0.3423611111111111 0.37588059453125 0.35985599305555555 0.378125 0.3784722222222222 0.37556468984375 0.4002712569444445 0.3734375 0.42569444444444443 0.374932965625 0.4418091458333333 0.37890625 0.4576388888888889 0.3890625 0.46041666666666664 0.39199016796874997 0.45359692916666666 0.39293775468750003 0.4440544486111111
1 0.24453125 0.4534722222222222 0.246056425 0.43451195000000004 0.2453125 0.41041666666666665 0.24140625 0.38680555555555557 0.24100243671875 0.36659186805555555 0.24163418281250001 0.34975219166666666 0.23815956953125 0.34133234444444444 0.23184208984375002 0.3407710138888889 0.22931510624999998 0.34975219166666666 0.22836747656249998 0.36546922499999995 0.22931510624999998 0.3851155263888889 0.2267881015625 0.40139389999999997 0.22457698046875 0.4210402013888889 0.22741984765624998 0.44910635972222224 0.23026271406249998 0.46201678611111113 0.23671875 0.46875 0.2421875 0.46458333333333335 0.24453125 0.4534722222222222