1 0.2911458333333333 0.36712962962962964 0.2911458333333333 0.34305555555555556 0.284375 0.3143518518518518 0.28541666666666665 0.2726851851851852 0.2799479166666667 0.2675925925925926 0.2747395833333333 0.26851851851851855 0.2734375 0.2763888888888889 0.27291666666666664 0.3699074074074074 0.2757057854166666 0.39754449814814813 0.28590283489583335 0.395790975 0.2911458333333333 0.36712962962962964
1 0.4625 0.3773148148148148 0.46510416666666665 0.3541666666666667 0.4630208333333333 0.3347222222222222 0.45729166666666665 0.3143518518518518 0.4583333333333333 0.27175925925925926 0.44921875 0.26944444444444443 0.44583333333333336 0.27546296296296297 0.4479166666666667 0.31342592592592594 0.4421875 0.33564814814814814 0.440625 0.36435185185185187 0.446875 0.3939814814814815 0.4546875 0.3958333333333333 0.4588541666666667 0.3912037037037037 0.4625 0.3773148148148148
1 0.4901041666666667 0.3800925925925926 0.4921875 0.36157407407407405 0.49114583333333334 0.3486111111111111 0.48385416666666664 0.3189814814814815 0.48541666666666666 0.2763888888888889 0.4830729166666667 0.2712962962962963 0.4783854166666667 0.26944444444444443 0.47239583333333335 0.2773148148148148 0.4744791666666667 0.3162037037037037 0.46770833333333334 0.3476851851851852 0.4666666666666667 0.36527777777777776 0.47239583333333335 0.39861111111111114 0.47578125 0.40370370370370373 0.4817708333333333 0.40324074074074073 0.48541666666666666 0.39861111111111114 0.4901041666666667 0.3800925925925926
1 0.51875 0.37916666666666665 0.51875 0.3662037037037037 0.5114583333333333 0.32546296296296295 0.5125 0.2902777777777778 0.5065104166666666 0.2759259259259259 0.50234375 0.27870370370370373 0.49947916666666664 0.28564814814814815 0.5010416666666667 0.32916666666666666 0.49375 0.3625 0.4942708333333333 0.38101851851851853 0.4979166666666667 0.40046296296296297 0.5010416666666667 0.41064814814814815 0.5046875 0.4125 0.5140625 0.4078703703703704 0.51875 0.37916666666666665
1 0.5473958333333333 0.38564814814814813 0.5458333333333333 0.34675925925925927 0.5401041666666667 0.32916666666666666 0.5411458333333333 0.29212962962962963 0.53828125 0.2851851851851852 0.5330729166666667 0.2833333333333333 0.5270833333333333 0.29212962962962963 0.5291666666666667 0.3347222222222222 0.5213541666666667 0.3699074074074074 0.5213541666666667 0.38287037037037036 0.5265625 0.4152777777777778 0.5294270833333333 0.4203703703703704 0.5385416666666667 0.4199074074074074 0.5421875 0.41435185185185186 0.5473958333333333 0.38564814814814813
1 0.5786458333333333 0.3912037037037037 0.5786458333333333 0.35509259259259257 0.5734375 0.3226851851851852 0.575 0.2865740740740741 0.5721354166666667 0.27870370370370373 0.5674479166666667 0.2759259259259259 0.5614583333333333 0.2847222222222222 0.5630208333333333 0.3282407407407407 0.55625 0.35324074074074074 0.5552083333333333 0.3736111111111111 0.5609375 0.40694444444444444 0.56484375 0.41203703703703703 0.5697916666666667 0.4115740740740741 0.5729166666666666 0.41064814814814815 0.5786458333333333 0.3912037037037037
1 0.6114583333333333 0.38287037037037036 0.6130208333333333 0.35138888888888886 0.6057291666666667 0.31712962962962965 0.6078125 0.2791666666666667 0.6044270833333333 0.26944444444444443 0.6002604166666666 0.26851851851851855 0.5947916666666667 0.2773148148148148 0.5963541666666666 0.3199074074074074 0.5895833333333333 0.3486111111111111 0.5885416666666666 0.36527777777777776 0.5942708333333333 0.3976851851851852 0.59921875 0.40370370370370373 0.6046875 0.40324074074074073 0.6078125 0.399537037037037 0.6114583333333333 0.38287037037037036
1 0.6442708333333333 0.37083333333333335 0.6447916666666667 0.3421296296296296 0.6380208333333334 0.3125 0.6401041666666667 0.2708333333333333 0.63671875 0.26666666666666666 0.63046875 0.26666666666666666 0.6276041666666666 0.27175925925925926 0.6296875 0.31342592592592594 0.6234375 0.33564814814814814 0.6223958333333334 0.3625 0.6270833333333333 0.3902777777777778 0.6309895833333333 0.39537037037037037 0.6375 0.39490740740740743 0.6395833333333333 0.39305555555555555 0.6442708333333333 0.37083333333333335
1 0.525 0.3458333333333333 0.5229166666666667 0.3282407407407407 0.5161458333333333 0.3087962962962963 0.5192708333333333 0.2708333333333333 0.5096354166666667 0.2675925925925926 0.5057291666666667 0.27361111111111114 0.5125 0.2912037037037037 0.5109375 0.3236111111111111 0.5171875 0.3560185185185185 0.5182291666666666 0.3736111111111111 0.5223958333333333 0.36342592592592593 0.525 0.3458333333333333
1 0.5536458333333333 0.35509259259259257 0.5453125 0.31712962962962965 0.5473958333333333 0.2773148148148148 0.5455729166666666 0.2712962962962963 0.5403645833333334 0.26851851851851855 0.5354166666666667 0.2726851851851852 0.534375 0.28194444444444444 0.540625 0.29212962962962963 0.5401041666666667 0.33101851851851855 0.5453125 0.3476851851851852 0.5463541666666667 0.38564814814814813 0.5494791666666666 0.3902777777777778 0.553125 0.37083333333333335 0.5536458333333333 0.35509259259259257
1 0.5854166666666667 0.3458333333333333 0.5770833333333333 0.30787037037037035 0.5791666666666667 0.2708333333333333 0.57265625 0.2657407407407407 0.5671875 0.2726851851851852 0.5744791666666667 0.2875 0.5755208333333334 0.30694444444444446 0.5729166666666666 0.31157407407407406 0.5723958333333333 0.3236111111111111 0.575 0.3337962962962963 0.575 0.34953703703703703 0.5807291666666666 0.3736111111111111 0.5859375 0.3560185185185185 0.5854166666666667 0.3458333333333333
0 0.603125 0.48935185185185187 0.6052083333333333 0.47638888888888886 0.6046875 0.4597222222222222 0.5994791666666667 0.4412037037037037 0.5934895833333333 0.4324074074074074 0.58515625 0.42685185185185187 0.5752604166666667 0.42777777777777776 0.5669270833333333 0.43425925925925923 0.5598958333333334 0.44675925925925924 0.5567708333333333 0.4625 0.5572916666666666 0.4791666666666667 0.56640625 0.5055555555555555 0.5794270833333334 0.5148148148148148 0.5869791666666667 0.5143518518518518 0.5924479166666666 0.5120370370370371 0.603125 0.48935185185185187