1 0.3921875 0.6145833333333334 0.39453125 0.5576388888888889 0.378125 0.47847222222222224 0.38203125 0.3951388888888889 0.376953125 0.3819444444444444 0.364453125 0.37916666666666665 0.358203125 0.38333333333333336 0.35390625 0.39791666666666664 0.35703125 0.4895833333333333 0.34375 0.5493055555555556 0.34296875 0.5868055555555556 0.35546875 0.6576388888888889 0.362109375 0.6638888888888889 0.378125 0.6631944444444444 0.3828125 0.6576388888888889 0.3921875 0.6145833333333334
1 0.44453125 0.64375 0.45078125 0.5729166666666666 0.434375 0.4951388888888889 0.4375 0.4076388888888889 0.432421875 0.39305555555555555 0.419921875 0.3888888888888889 0.412890625 0.3958333333333333 0.409375 0.4076388888888889 0.4125 0.4979166666666667 0.3984375 0.5618055555555556 0.39765625 0.6006944444444444 0.4109375 0.6729166666666667 0.43359375 0.6756944444444445 0.440625 0.6659722222222222 0.44453125 0.64375
1 0.77578125 0.6298611111111111 0.78046875 0.5951388888888889 0.78046875 0.5520833333333334 0.765625 0.4756944444444444 0.76953125 0.3923611111111111 0.766015625 0.3819444444444444 0.755859375 0.37777777777777777 0.747265625 0.3819444444444444 0.74296875 0.39652777777777776 0.74609375 0.47708333333333336 0.73125 0.5451388888888888 0.73046875 0.5895833333333333 0.74140625 0.65625 0.748828125 0.6638888888888889 0.7625 0.6631944444444444 0.76953125 0.6576388888888889 0.77578125 0.6298611111111111
1 0.709375 0.6270833333333333 0.7125 0.5784722222222223 0.709375 0.5520833333333334 0.69609375 0.4965277777777778 0.6984375 0.40347222222222223 0.690234375 0.3888888888888889 0.682421875 0.3875 0.676953125 0.39166666666666666 0.67109375 0.40625 0.67421875 0.49930555555555556 0.6625 0.5493055555555556 0.659375 0.5965277777777778 0.66328125 0.6298611111111111 0.67265625 0.6701388888888888 0.679296875 0.6763888888888889 0.6953125 0.6756944444444445 0.7015625 0.6659722222222222 0.709375 0.6270833333333333
1 0.623046875 0.4722222222222222 0.625 0.46875 0.628125 0.42430555555555555 0.619921875 0.4027777777777778 0.608203125 0.4027777777777778 0.6015625 0.41597222222222224 0.60390625 0.46875 0.60859375 0.47291666666666665 0.616015625 0.4625 0.623046875 0.4722222222222222
1 0.63984375 0.6395833333333333 0.640625 0.5715277777777777 0.62421875 0.5048611111111111 0.607421875 0.5041666666666667 0.60390625 0.5090277777777777 0.5921875 0.5618055555555556 0.58984375 0.6173611111111111 0.6015625 0.6826388888888889 0.607421875 0.6888888888888889 0.62265625 0.6881944444444444 0.63203125 0.6784722222222223 0.63984375 0.6395833333333333
1 0.50078125 0.5409722222222222 0.49296875 0.5076388888888889 0.4953125 0.42569444444444443 0.490625 0.4048611111111111 0.484765625 0.4 0.475390625 0.4027777777777778 0.46875 0.4201388888888889 0.471875 0.5118055555555555 0.4625 0.5506944444444445 0.46171875 0.5590277777777778 0.46484375 0.5590277777777778 0.478515625 0.5472222222222223 0.50078125 0.5409722222222222
1 0.6515625 0.5576388888888889 0.634375 0.47430555555555554 0.63828125 0.3951388888888889 0.632421875 0.38055555555555554 0.619921875 0.37916666666666665 0.6140625 0.3854166666666667 0.6109375 0.39791666666666664 0.621484375 0.4027777777777778 0.628125 0.41875 0.62578125 0.5118055555555555 0.64140625 0.5743055555555555 0.64140625 0.6395833333333333 0.64375 0.6409722222222223 0.6515625 0.5909722222222222 0.6515625 0.5576388888888889
1 0.5078125 0.48125 0.5109375 0.3909722222222222 0.504296875 0.38055555555555554 0.491015625 0.38055555555555554 0.48359375 0.39791666666666664 0.49140625 0.40625 0.49609375 0.43680555555555556 0.49296875 0.5076388888888889 0.504296875 0.5444444444444444 0.517578125 0.5583333333333333 0.521875 0.5576388888888889 0.521875 0.5423611111111111 0.5078125 0.48125
1 0.56640625 0.4951388888888889 0.56953125 0.40902777777777777 0.563671875 0.39305555555555555 0.553515625 0.3875 0.54453125 0.39791666666666664 0.54296875 0.40902777777777777 0.553125 0.41875 0.55546875 0.4326388888888889 0.55390625 0.5173611111111112 0.565625 0.5368055555555555 0.56796875 0.5506944444444445 0.565625 0.5645833333333333 0.57109375 0.5715277777777777 0.57734375 0.59375 0.578125 0.61875 0.58515625 0.6243055555555556 0.5859375 0.5729166666666666 0.56640625 0.4951388888888889
0 0.53359375 0.6631944444444444 0.5375 0.6423611111111112 0.5375 0.6104166666666667 0.5328125 0.5854166666666667 0.517578125 0.5583333333333333 0.501953125 0.5430555555555555 0.480078125 0.5458333333333333 0.460546875 0.5625 0.45234375 0.5798611111111112 0.44609375 0.6215277777777778 0.4484375 0.6576388888888889 0.46328125 0.6895833333333333 0.476953125 0.7055555555555556 0.4953125 0.7104166666666667 0.519921875 0.6916666666666667 0.53359375 0.6631944444444444