1 0.27265625 0.6618055555555555 0.2828125 0.6131944444444445 0.28359375 0.53125 0.2890625 0.47152777777777777 0.28828125 0.45208333333333334 0.2703125 0.3701388888888889 0.27734375 0.21458333333333332 0.273046875 0.20555555555555555 0.235546875 0.20277777777777778 0.23125 0.21041666666666667 0.23046875 0.22291666666666668 0.2359375 0.32430555555555557 0.23515625 0.36736111111111114 0.2109375 0.46597222222222223 0.20703125 0.5409722222222222 0.21171875 0.5881944444444445 0.2265625 0.6659722222222222 0.234765625 0.675 0.26015625 0.6756944444444445 0.267578125 0.6722222222222223 0.27265625 0.6618055555555555
1 0.36328125 0.6381944444444444 0.3703125 0.5076388888888889 0.36328125 0.4618055555555556 0.346875 0.39791666666666664 0.34609375 0.33402777777777776 0.35390625 0.2590277777777778 0.3515625 0.22847222222222222 0.342578125 0.2111111111111111 0.316015625 0.20972222222222223 0.30859375 0.22152777777777777 0.3046875 0.24097222222222223 0.31015625 0.3229166666666667 0.31015625 0.3923611111111111 0.29296875 0.4618055555555556 0.2875 0.4979166666666667 0.284375 0.54375 0.28515625 0.6076388888888888 0.303125 0.7048611111111112 0.310546875 0.7125 0.33359375 0.7131944444444445 0.34765625 0.70625 0.36328125 0.6381944444444444
1 0.43515625 0.74375 0.45 0.6840277777777778 0.45625 0.6423611111111112 0.459375 0.5506944444444445 0.4546875 0.5118055555555555 0.4359375 0.42569444444444443 0.4375 0.34791666666666665 0.44375 0.29375 0.44375 0.26319444444444445 0.434765625 0.23472222222222222 0.423828125 0.225 0.413671875 0.225 0.402734375 0.23472222222222222 0.39375 0.2604166666666667 0.39375 0.30486111111111114 0.39921875 0.3590277777777778 0.39921875 0.41875 0.3734375 0.5215277777777778 0.36796875 0.59375 0.37421875 0.6645833333333333 0.390625 0.74375 0.398828125 0.7513888888888889 0.42109375 0.7520833333333333 0.429296875 0.7513888888888889 0.43515625 0.74375
1 0.532421875 0.6569444444444444 0.549609375 0.6486111111111111 0.553125 0.6381944444444444 0.55390625 0.60625 0.55 0.5618055555555556 0.528125 0.4618055555555556 0.53046875 0.36875 0.5359375 0.3159722222222222 0.53515625 0.28541666666666665 0.53046875 0.2659722222222222 0.516015625 0.24861111111111112 0.496484375 0.25416666666666665 0.4859375 0.27847222222222223 0.484375 0.31319444444444444 0.490625 0.40347222222222223 0.48984375 0.4534722222222222 0.46484375 0.5534722222222223 0.46015625 0.5881944444444445 0.4625 0.68125 0.4703125 0.7270833333333333 0.4765625 0.74375 0.505078125 0.6861111111111111 0.532421875 0.6569444444444444
1 0.6015625 0.5993055555555555 0.603125 0.53125 0.59765625 0.48819444444444443 0.578125 0.4048611111111111 0.58359375 0.24375 0.58046875 0.23125 0.573828125 0.2222222222222222 0.548046875 0.21944444444444444 0.5390625 0.2326388888888889 0.5359375 0.24513888888888888 0.54140625 0.39375 0.5296875 0.46319444444444446 0.5515625 0.5673611111111111 0.55390625 0.6423611111111112 0.59296875 0.6451388888888889 0.596875 0.6368055555555555 0.6015625 0.5993055555555555
1 0.6859375 0.6979166666666666 0.69375 0.6493055555555556 0.696875 0.5868055555555556 0.68984375 0.5243055555555556 0.66953125 0.4340277777777778 0.6765625 0.3034722222222222 0.67578125 0.26875 0.67265625 0.2520833333333333 0.666015625 0.24166666666666667 0.648828125 0.2361111111111111 0.637890625 0.24444444444444444 0.628125 0.27152777777777776 0.62734375 0.30069444444444443 0.634375 0.37569444444444444 0.63359375 0.4326388888888889 0.60703125 0.5423611111111111 0.60390625 0.6243055555555556 0.60625 0.6520833333333333 0.636328125 0.6861111111111111 0.65390625 0.71875 0.66328125 0.7479166666666667 0.66875 0.7534722222222222 0.6734375 0.7493055555555556 0.6859375 0.6979166666666666
1 0.815625 0.7104166666666667 0.83046875 0.6298611111111111 0.834375 0.5840277777777778 0.83359375 0.5423611111111111 0.82421875 0.48125 0.80859375 0.41875 0.81484375 0.25625 0.808203125 0.2361111111111111 0.776953125 0.23333333333333334 0.76875 0.2465277777777778 0.76640625 0.2673611111111111 0.77265625 0.3729166666666667 0.771875 0.41458333333333336 0.746875 0.5173611111111112 0.74296875 0.59375 0.75 0.6576388888888889 0.76484375 0.7298611111111111 0.776171875 0.7375 0.80390625 0.7368055555555556 0.809375 0.73125 0.815625 0.7104166666666667
1 0.95625 0.61875 0.9609375 0.5729166666666666 0.95859375 0.49930555555555556 0.9390625 0.40069444444444446 0.94609375 0.24791666666666667 0.941015625 0.24027777777777778 0.904296875 0.2388888888888889 0.9 0.24375 0.8984375 0.2590277777777778 0.90546875 0.3548611111111111 0.903125 0.39791666666666664 0.878125 0.49930555555555556 0.87421875 0.5409722222222222 0.875 0.5868055555555556 0.8921875 0.6965277777777777 0.904296875 0.7097222222222223 0.93125 0.7090277777777778 0.9421875 0.6909722222222222 0.95625 0.61875
1 0.7265625 0.6326388888888889 0.73515625 0.5743055555555555 0.73671875 0.5256944444444445 0.73125 0.47708333333333336 0.7125 0.3909722222222222 0.71953125 0.23402777777777778 0.714453125 0.22777777777777777 0.676953125 0.22777777777777777 0.67265625 0.24375 0.67734375 0.27291666666666664 0.678125 0.3840277777777778 0.671875 0.4131944444444444 0.671875 0.4395833333333333 0.6921875 0.53125 0.696875 0.5715277777777777 0.696875 0.6243055555555556 0.68828125 0.69375 0.690234375 0.6986111111111111 0.70234375 0.6993055555555555 0.71328125 0.6923611111111111 0.7265625 0.6326388888888889
1 0.48984375 0.4076388888888889 0.48359375 0.33125 0.48359375 0.2951388888888889 0.48671875 0.2701388888888889 0.49375 0.24791666666666667 0.49375 0.22708333333333333 0.490234375 0.21805555555555556 0.451953125 0.2152777777777778 0.446875 0.22569444444444445 0.453125 0.35347222222222224 0.45078125 0.3840277777777778 0.4390625 0.4354166666666667 0.46328125 0.5534722222222223 0.4890625 0.44930555555555557 0.48984375 0.4076388888888889
0 0.631640625 0.9736111111111111 0.6453125 0.9534722222222223 0.6609375 0.9159722222222222 0.6734375 0.8409722222222222 0.6703125 0.7798611111111111 0.6515625 0.7159722222222222 0.634765625 0.6861111111111111 0.619140625 0.6680555555555555 0.584765625 0.6472222222222223 0.544140625 0.6527777777777778 0.512109375 0.6791666666666667 0.49140625 0.7131944444444445 0.48125 0.7381944444444445 0.46875 0.80625 0.4734375 0.8784722222222222 0.48203125 0.9173611111111111 0.4953125 0.9493055555555555 0.523046875 0.9875 0.541015625 0.9986111111111111 0.59765625 0.9993055555555556 0.607421875 0.9972222222222222 0.631640625 0.9736111111111111