1 0.278125 0.6354166666666666 0.28359375 0.5993055555555555 0.284375 0.5395833333333333 0.28984375 0.47152777777777777 0.26875 0.3701388888888889 0.26875 0.3020833333333333 0.275 0.2326388888888889 0.2734375 0.21319444444444444 0.270703125 0.20694444444444443 0.232421875 0.20416666666666666 0.22890625 0.21180555555555555 0.228125 0.23680555555555555 0.234375 0.3034722222222222 0.234375 0.3645833333333333 0.209375 0.4673611111111111 0.20625 0.5409722222222222 0.21015625 0.5798611111111112 0.2265625 0.6673611111111111 0.232421875 0.675 0.2515625 0.6756944444444445 0.266015625 0.6736111111111112 0.278125 0.6354166666666666
1 0.36640625 0.6215277777777778 0.37109375 0.50625 0.35 0.4048611111111111 0.35 0.3215277777777778 0.35546875 0.2743055555555556 0.3546875 0.23125 0.346484375 0.2125 0.320703125 0.20972222222222223 0.3109375 0.22152777777777777 0.3078125 0.23819444444444443 0.3125 0.33819444444444446 0.31171875 0.3993055555555556 0.28984375 0.4895833333333333 0.2859375 0.5965277777777778 0.28984375 0.63125 0.3046875 0.7048611111111112 0.313671875 0.7125 0.33828125 0.7131944444444445 0.34921875 0.7048611111111112 0.36640625 0.6215277777777778
1 0.4359375 0.74375 0.4515625 0.6756944444444445 0.4546875 0.5868055555555556 0.459375 0.5618055555555556 0.459375 0.5423611111111111 0.43671875 0.4340277777777778 0.43671875 0.34930555555555554 0.4421875 0.2965277777777778 0.4421875 0.2604166666666667 0.431640625 0.23194444444444445 0.412109375 0.225 0.398828125 0.2388888888888889 0.39296875 0.2590277777777778 0.3921875 0.28958333333333336 0.3984375 0.37569444444444444 0.39765625 0.4173611111111111 0.375 0.5145833333333333 0.36875 0.6020833333333333 0.375 0.6645833333333333 0.38984375 0.7409722222222223 0.398046875 0.7513888888888889 0.42265625 0.7520833333333333 0.432421875 0.75 0.4359375 0.74375
1 0.46484375 0.6465277777777778 0.4703125 0.6173611111111111 0.4890625 0.5673611111111111 0.512890625 0.5361111111111111 0.535546875 0.525 0.5390625 0.51875 0.52578125 0.4534722222222222 0.5328125 0.28541666666666665 0.528125 0.2659722222222222 0.513671875 0.24861111111111112 0.494921875 0.25277777777777777 0.4875 0.26458333333333334 0.4828125 0.2826388888888889 0.48125 0.3145833333333333 0.48828125 0.38680555555555557 0.48828125 0.4395833333333333 0.45859375 0.5798611111111112 0.45546875 0.6701388888888888 0.4609375 0.6798611111111111 0.46328125 0.6784722222222223 0.46484375 0.6465277777777778
1 0.596875 0.5020833333333333 0.57578125 0.41180555555555554 0.58125 0.24513888888888888 0.572265625 0.22361111111111112 0.544921875 0.22083333333333333 0.53671875 0.23402777777777778 0.5328125 0.25763888888888886 0.53984375 0.38680555555555557 0.52890625 0.4465277777777778 0.52890625 0.4701388888888889 0.541796875 0.5180555555555556 0.569140625 0.5208333333333334 0.59921875 0.5381944444444444 0.60078125 0.5298611111111111 0.596875 0.5020833333333333
1 0.4875 0.40069444444444446 0.48046875 0.30069444444444443 0.48515625 0.26875 0.49609375 0.24513888888888888 0.4953125 0.22430555555555556 0.486328125 0.21805555555555556 0.453515625 0.21666666666666667 0.45 0.22291666666666668 0.45 0.2673611111111111 0.4546875 0.32430555555555557 0.453125 0.3840277777777778 0.440625 0.42569444444444443 0.43984375 0.4423611111111111 0.46328125 0.5451388888888888 0.4859375 0.4479166666666667 0.4875 0.40069444444444446
1 0.6875 0.69375 0.6953125 0.6423611111111112 0.69765625 0.5951388888888889 0.69453125 0.54375 0.671875 0.4395833333333333 0.67734375 0.32708333333333334 0.6765625 0.26458333333333334 0.666796875 0.24027777777777778 0.650390625 0.23472222222222222 0.640234375 0.24166666666666667 0.6296875 0.27152777777777776 0.6296875 0.31180555555555556 0.63515625 0.3798611111111111 0.634375 0.43125 0.61171875 0.5243055555555556 0.609375 0.5493055555555556 0.63203125 0.5993055555555555 0.64140625 0.6451388888888889 0.64296875 0.69375 0.634375 0.75625 0.638671875 0.7625 0.66484375 0.7631944444444444 0.67265625 0.7576388888888889 0.6875 0.69375
1 0.73046875 0.6215277777777778 0.73828125 0.5590277777777778 0.73828125 0.51875 0.734375 0.4826388888888889 0.71484375 0.39791666666666664 0.71484375 0.3298611111111111 0.7203125 0.2798611111111111 0.72109375 0.23541666666666666 0.716796875 0.22916666666666666 0.678515625 0.22916666666666666 0.675 0.23680555555555555 0.675 0.24791666666666667 0.67890625 0.27291666666666664 0.6796875 0.36180555555555555 0.6734375 0.4395833333333333 0.69296875 0.5270833333333333 0.6984375 0.5784722222222223 0.69609375 0.6465277777777778 0.6890625 0.69375 0.691015625 0.6986111111111111 0.703125 0.6993055555555555 0.715625 0.6909722222222222 0.73046875 0.6215277777777778
1 0.8140625 0.7159722222222222 0.8296875 0.6368055555555555 0.834375 0.5534722222222223 0.828125 0.5006944444444444 0.809375 0.42569444444444443 0.809375 0.36041666666666666 0.815625 0.2923611111111111 0.815625 0.2548611111111111 0.808984375 0.2361111111111111 0.779296875 0.23333333333333334 0.77265625 0.23819444444444443 0.7671875 0.2604166666666667 0.7734375 0.3729166666666667 0.771875 0.4201388888888889 0.74609375 0.5243055555555556 0.74375 0.5979166666666667 0.7484375 0.6465277777777778 0.7640625 0.7270833333333333 0.772265625 0.7361111111111112 0.79296875 0.7368055555555556 0.806640625 0.7333333333333333 0.8140625 0.7159722222222222
1 0.93828125 0.6979166666666666 0.95546875 0.6159722222222223 0.96015625 0.5756944444444444 0.96171875 0.5173611111111112 0.953125 0.4618055555555556 0.94453125 0.43680555555555556 0.9375 0.39791666666666664 0.9453125 0.24930555555555556 0.937109375 0.24027777777777778 0.901953125 0.24027777777777778 0.8984375 0.24791666666666667 0.89765625 0.27152777777777776 0.9046875 0.36319444444444443 0.90234375 0.39652777777777776 0.87578125 0.50625 0.87265625 0.54375 0.8734375 0.5840277777777778 0.8796875 0.6354166666666666 0.89296875 0.7020833333333333 0.901953125 0.7097222222222223 0.9265625 0.7104166666666667 0.933203125 0.7083333333333334 0.93828125 0.6979166666666666
0 0.62421875 0.7743055555555556 0.63828125 0.7298611111111111 0.6421875 0.6659722222222222 0.6375 0.6243055555555556 0.63046875 0.5979166666666667 0.608984375 0.5541666666666667 0.579296875 0.5263888888888889 0.546484375 0.5208333333333334 0.512890625 0.5361111111111111 0.498046875 0.5527777777777778 0.48125 0.5826388888888889 0.4671875 0.6326388888888889 0.4640625 0.6979166666666666 0.46796875 0.7270833333333333 0.478125 0.7631944444444444 0.498046875 0.8013888888888889 0.530078125 0.8305555555555556 0.56015625 0.8368055555555556 0.595703125 0.8166666666666667 0.62421875 0.7743055555555556