1 0.2703125 0.6659722222222222 0.28203125 0.6145833333333334 0.2890625 0.4673611111111111 0.2671875 0.3645833333333333 0.27265625 0.21180555555555555 0.268359375 0.20555555555555555 0.231640625 0.20277777777777778 0.2265625 0.21458333333333332 0.2265625 0.24097222222222223 0.23125 0.28680555555555554 0.23203125 0.36319444444444443 0.20859375 0.46597222222222223 0.20546875 0.5381944444444444 0.209375 0.5826388888888889 0.22421875 0.6631944444444444 0.233984375 0.675 0.2515625 0.6756944444444445 0.263671875 0.6736111111111112 0.2703125 0.6659722222222222
1 0.35078125 0.61875 0.36796875 0.5493055555555556 0.37109375 0.5034722222222222 0.35 0.4048611111111111 0.35 0.33402777777777776 0.35625 0.2604166666666667 0.3546875 0.2298611111111111 0.345703125 0.2111111111111111 0.321484375 0.20833333333333334 0.31328125 0.21736111111111112 0.3078125 0.24375 0.31328125 0.3451388888888889 0.3125 0.39791666666666664 0.28984375 0.48819444444444443 0.28671875 0.5979166666666667 0.28984375 0.6298611111111111 0.30390625 0.7034722222222223 0.311328125 0.7111111111111111 0.33203125 0.7118055555555556 0.34921875 0.7048611111111112 0.35078125 0.61875
1 0.44609375 0.49236111111111114 0.43515625 0.4270833333333333 0.44140625 0.25763888888888886 0.430859375 0.23194444444444445 0.422265625 0.225 0.403515625 0.23055555555555557 0.39453125 0.2465277777777778 0.39140625 0.26180555555555557 0.396875 0.3729166666666667 0.39609375 0.4270833333333333 0.37578125 0.5048611111111111 0.37109375 0.5340277777777778 0.37109375 0.5451388888888888 0.3734375 0.5465277777777777 0.401171875 0.5125 0.44609375 0.49236111111111114
1 0.48359375 0.46875 0.4890625 0.42569444444444443 0.4828125 0.2965277777777778 0.4859375 0.2743055555555556 0.49609375 0.2465277777777778 0.49609375 0.22708333333333333 0.494140625 0.21944444444444444 0.488671875 0.21666666666666667 0.453515625 0.2152777777777778 0.45 0.22291666666666668 0.4546875 0.3284722222222222 0.453125 0.38263888888888886 0.440625 0.42569444444444443 0.4390625 0.44375 0.44921875 0.4951388888888889 0.471875 0.5076388888888889 0.47578125 0.5020833333333333 0.48359375 0.46875
1 0.5265625 0.7826388888888889 0.54453125 0.7034722222222223 0.5515625 0.6409722222222223 0.55234375 0.6020833333333333 0.5453125 0.5395833333333333 0.53359375 0.4965277777777778 0.52734375 0.4548611111111111 0.528125 0.3854166666666667 0.5359375 0.31180555555555556 0.53515625 0.28541666666666665 0.525390625 0.2569444444444444 0.514453125 0.24861111111111112 0.505078125 0.24861111111111112 0.490625 0.26319444444444445 0.48359375 0.29375 0.490625 0.41180555555555554 0.48828125 0.4548611111111111 0.47578125 0.5118055555555555 0.50703125 0.5576388888888889 0.52265625 0.6118055555555556 0.52578125 0.6479166666666667 0.52265625 0.7048611111111112 0.50703125 0.7548611111111111 0.4921875 0.78125 0.496484375 0.7902777777777777 0.515625 0.7909722222222222 0.523046875 0.7902777777777777 0.5265625 0.7826388888888889
1 0.596875 0.6326388888888889 0.60234375 0.5868055555555556 0.60234375 0.5340277777777778 0.596875 0.49236111111111114 0.578125 0.41180555555555554 0.584375 0.24513888888888888 0.58125 0.23125 0.573046875 0.22083333333333333 0.548828125 0.21944444444444444 0.540625 0.2326388888888889 0.53671875 0.25069444444444444 0.5421875 0.38680555555555557 0.540625 0.41180555555555554 0.5296875 0.4618055555555556 0.55234375 0.5840277777777778 0.5515625 0.65625 0.54296875 0.71875 0.547265625 0.725 0.57265625 0.7243055555555555 0.57890625 0.71875 0.596875 0.6326388888888889
1 0.6796875 0.73125 0.69453125 0.6506944444444445 0.696875 0.56875 0.69296875 0.53125 0.67265625 0.4409722222222222 0.678125 0.3104166666666667 0.67734375 0.2659722222222222 0.668359375 0.24166666666666667 0.649609375 0.2361111111111111 0.6375 0.24791666666666667 0.63046875 0.27291666666666664 0.63046875 0.3104166666666667 0.6359375 0.3770833333333333 0.63515625 0.4270833333333333 0.6109375 0.5326388888888889 0.60625 0.5743055555555555 0.60625 0.6229166666666667 0.61171875 0.6743055555555556 0.6296875 0.7590277777777777 0.637890625 0.7638888888888888 0.66796875 0.7631944444444444 0.671875 0.7604166666666666 0.6796875 0.73125
1 0.73125 0.6173611111111111 0.7375 0.5631944444444444 0.73828125 0.5159722222222223 0.71484375 0.39375 0.715625 0.32708333333333334 0.721875 0.23541666666666666 0.717578125 0.22777777777777777 0.682421875 0.2263888888888889 0.676953125 0.22916666666666666 0.675 0.23819444444444443 0.6796875 0.2743055555555556 0.68046875 0.3576388888888889 0.6734375 0.43125 0.69296875 0.5243055555555556 0.6984375 0.5770833333333333 0.696875 0.6368055555555555 0.68984375 0.6951388888888889 0.7046875 0.6993055555555555 0.715625 0.6909722222222222 0.73125 0.6173611111111111
1 0.81015625 0.7229166666666667 0.82421875 0.6576388888888889 0.83203125 0.6020833333333333 0.8328125 0.5451388888888888 0.828125 0.5006944444444444 0.81484375 0.4576388888888889 0.8078125 0.4215277777777778 0.8078125 0.3590277777777778 0.81484375 0.2881944444444444 0.81484375 0.2590277777777778 0.807421875 0.23472222222222222 0.776171875 0.23194444444444445 0.76875 0.24513888888888888 0.765625 0.26319444444444445 0.771875 0.36319444444444443 0.7703125 0.4201388888888889 0.7453125 0.51875 0.74140625 0.5965277777777778 0.7453125 0.6354166666666666 0.7609375 0.7229166666666667 0.769921875 0.7361111111111112 0.79609375 0.7368055555555556 0.805078125 0.7347222222222223 0.81015625 0.7229166666666667
1 0.9390625 0.69375 0.95546875 0.6076388888888888 0.95859375 0.53125 0.95390625 0.48680555555555555 0.9359375 0.4076388888888889 0.9359375 0.33541666666666664 0.94140625 0.24513888888888888 0.933984375 0.2388888888888889 0.898046875 0.2388888888888889 0.8953125 0.24375 0.8953125 0.28125 0.9 0.33541666666666664 0.8984375 0.40625 0.878125 0.4826388888888889 0.871875 0.5243055555555556 0.87109375 0.5673611111111111 0.878125 0.6340277777777777 0.88984375 0.69375 0.904296875 0.7041666666666667 0.92265625 0.7048611111111112 0.933203125 0.7027777777777777 0.9390625 0.69375
0 0.50625 0.75625 0.52421875 0.6951388888888889 0.52578125 0.6465277777777778 0.52109375 0.6034722222222222 0.515625 0.5826388888888889 0.494921875 0.5375 0.470703125 0.5097222222222222 0.448046875 0.5 0.433984375 0.5 0.404296875 0.5111111111111111 0.387109375 0.5277777777777778 0.36953125 0.55625 0.35546875 0.6006944444444444 0.35078125 0.6631944444444444 0.35390625 0.6979166666666666 0.36171875 0.7270833333333333 0.37109375 0.75625 0.380859375 0.7736111111111111 0.407421875 0.8013888888888889 0.431640625 0.8125 0.44453125 0.8118055555555556 0.478515625 0.7930555555555555 0.50625 0.75625