1 0.1625 0.38958333333333334 0.16015625 0.3701388888888889 0.1515625 0.3423611111111111 0.1546875 0.3020833333333333 0.143359375 0.2986111111111111 0.1375 0.30486111111111114 0.14140625 0.3451388888888889 0.134375 0.38819444444444445 0.13828125 0.4270833333333333 0.142578125 0.4361111111111111 0.14765625 0.43680555555555556 0.16015625 0.4284722222222222 0.1625 0.38958333333333334
1 0.109375 0.34930555555555554 0.10078125 0.3215277777777778 0.103125 0.30069444444444443 0.091796875 0.2986111111111111 0.0890625 0.30069444444444443 0.090625 0.32569444444444445 0.08359375 0.35208333333333336 0.0828125 0.37569444444444444 0.08984375 0.4131944444444444 0.10078125 0.41458333333333336 0.10859375 0.40069444444444446 0.109375 0.34930555555555554
1 0.13359375 0.40902777777777777 0.134375 0.3576388888888889 0.128125 0.33541666666666664 0.13046875 0.30486111111111114 0.126953125 0.2986111111111111 0.11328125 0.3034722222222222 0.11640625 0.33541666666666664 0.1109375 0.35347222222222224 0.11015625 0.3993055555555556 0.11484375 0.42430555555555555 0.1203125 0.4284722222222222 0.129296875 0.425 0.13359375 0.40902777777777777
1 0.18671875 0.42569444444444443 0.1875 0.39375 0.1796875 0.3576388888888889 0.18125 0.31180555555555556 0.177734375 0.30277777777777776 0.172265625 0.3013888888888889 0.1640625 0.31319444444444444 0.16796875 0.35347222222222224 0.16328125 0.3701388888888889 0.16328125 0.4215277777777778 0.178125 0.44375 0.18359375 0.43819444444444444 0.18671875 0.42569444444444443
1 0.225 0.3993055555555556 0.221875 0.3645833333333333 0.21640625 0.3423611111111111 0.2203125 0.30486111111111114 0.216015625 0.2986111111111111 0.20390625 0.3034722222222222 0.20703125 0.3451388888888889 0.19921875 0.38125 0.20234375 0.4284722222222222 0.207421875 0.4361111111111111 0.2125 0.4354166666666667 0.221875 0.4284722222222222 0.225 0.3993055555555556
1 0.265625 0.3715277777777778 0.25625 0.33541666666666664 0.2578125 0.30069444444444443 0.243359375 0.3 0.24609375 0.33541666666666664 0.2390625 0.3659722222222222 0.23828125 0.39375 0.24296875 0.4201388888888889 0.246484375 0.4263888888888889 0.25390625 0.42569444444444443 0.26171875 0.41180555555555554 0.265625 0.3715277777777778
1 0.30078125 0.38680555555555557 0.3015625 0.36319444444444443 0.2921875 0.32569444444444445 0.29296875 0.30069444444444443 0.282421875 0.3 0.284375 0.32569444444444445 0.2765625 0.35625 0.27578125 0.3784722222222222 0.28203125 0.41180555555555554 0.2921875 0.41458333333333336 0.2953125 0.41180555555555554 0.30078125 0.38680555555555557
1 0.19921875 0.36041666666666666 0.19296875 0.33541666666666664 0.19375 0.30069444444444443 0.185546875 0.2986111111111111 0.18046875 0.30069444444444443 0.18203125 0.33541666666666664 0.1796875 0.3548611111111111 0.18671875 0.39652777777777776 0.1859375 0.42291666666666666 0.1921875 0.42569444444444443 0.19765625 0.4131944444444444 0.19921875 0.36041666666666666
1 0.23828125 0.35625 0.22890625 0.3229166666666667 0.23046875 0.30069444444444443 0.219921875 0.3 0.21796875 0.3451388888888889 0.22265625 0.3701388888888889 0.225 0.41458333333333336 0.2296875 0.41597222222222224 0.23671875 0.3951388888888889 0.23828125 0.35625
1 0.16328125 0.31875 0.165625 0.3076388888888889 0.162890625 0.3 0.156640625 0.3 0.153125 0.34375 0.16171875 0.3729166666666667 0.16796875 0.34791666666666665 0.16328125 0.31875
1 0.60390625 0.3798611111111111 0.5953125 0.3423611111111111 0.59765625 0.30069444444444443 0.587890625 0.2972222222222222 0.58359375 0.30069444444444443 0.5859375 0.34375 0.57890625 0.3729166666666667 0.578125 0.3993055555555556 0.584375 0.43125 0.59453125 0.4340277777777778 0.603125 0.40625 0.60390625 0.3798611111111111
1 0.63671875 0.36736111111111114 0.628125 0.3284722222222222 0.6296875 0.29930555555555555 0.619921875 0.2972222222222222 0.61640625 0.30069444444444443 0.61875 0.33541666666666664 0.6109375 0.38263888888888886 0.6171875 0.4201388888888889 0.628125 0.42430555555555555 0.6359375 0.39652777777777776 0.63671875 0.36736111111111114
1 0.67109375 0.35625 0.66328125 0.3215277777777778 0.66484375 0.30069444444444443 0.655078125 0.2972222222222222 0.6546875 0.3229166666666667 0.646875 0.35625 0.646875 0.38263888888888886 0.65234375 0.4076388888888889 0.66328125 0.41180555555555554 0.6703125 0.38680555555555557 0.67109375 0.35625
1 0.8171875 0.3548611111111111 0.809375 0.3215277777777778 0.8109375 0.30069444444444443 0.808984375 0.29583333333333334 0.800390625 0.29444444444444445 0.79921875 0.3215277777777778 0.7921875 0.35208333333333336 0.7921875 0.3798611111111111 0.79765625 0.4076388888888889 0.809375 0.41041666666666665 0.81640625 0.3840277777777778 0.8171875 0.3548611111111111
1 0.84921875 0.3854166666666667 0.84921875 0.3659722222222222 0.8421875 0.33402777777777776 0.84375 0.29930555555555555 0.839453125 0.29305555555555557 0.8296875 0.2965277777777778 0.83046875 0.33541666666666664 0.821875 0.36875 0.82734375 0.41458333333333336 0.8359375 0.4215277777777778 0.8421875 0.4173611111111111 0.84921875 0.3854166666666667
0 0.571875 0.5409722222222222 0.575 0.5243055555555556 0.57421875 0.50625 0.566015625 0.4847222222222222 0.545703125 0.47638888888888886 0.5296875 0.4909722222222222 0.52421875 0.5229166666666667 0.53046875 0.5479166666666667 0.539453125 0.5625 0.5578125 0.5645833333333333 0.565234375 0.5569444444444445 0.571875 0.5409722222222222