1 0.065625 0.7902777777777777 0.07395833333333333 0.7560185185185185 0.07552083333333333 0.7347222222222223 0.07395833333333333 0.7069444444444445 0.0640625 0.6717592592592593 0.06302083333333333 0.6421296296296296 0.065625 0.625462962962963 0.065625 0.6023148148148149 0.062239583333333334 0.5925925925925926 0.05546875 0.5888888888888889 0.045572916666666664 0.5944444444444444 0.04114583333333333 0.6060185185185185 0.044270833333333336 0.6439814814814815 0.04375 0.6680555555555555 0.03229166666666667 0.711574074074074 0.029166666666666667 0.7393518518518518 0.030729166666666665 0.7606481481481482 0.0375 0.7902777777777777 0.04296875 0.799074074074074 0.049479166666666664 0.799537037037037 0.05755208333333333 0.7981481481481482 0.065625 0.7902777777777777
1 0.09166666666666666 0.7291666666666666 0.09166666666666666 0.6958333333333333 0.090625 0.6828703703703703 0.0828125 0.649537037037037 0.08385416666666666 0.5912037037037037 0.08203125 0.5842592592592593 0.07421875 0.5814814814814815 0.06796875 0.5851851851851851 0.06458333333333334 0.5930555555555556 0.06614583333333333 0.6319444444444444 0.0640625 0.6699074074074074 0.07395833333333333 0.7069444444444445 0.075 0.7356481481481482 0.0734375 0.7606481481481482 0.08020833333333334 0.7615740740740741 0.084375 0.7569444444444444 0.09166666666666666 0.7291666666666666
1 0.10572916666666667 0.6754629629629629 0.10260416666666666 0.6550925925925926 0.09635416666666667 0.6356481481481482 0.09895833333333333 0.586574074074074 0.09609375 0.5787037037037037 0.08932291666666667 0.575925925925926 0.08359375 0.5787037037037037 0.08229166666666667 0.5856481481481481 0.084375 0.5921296296296297 0.0828125 0.6486111111111111 0.0921875 0.6967592592592593 0.090625 0.7328703703703704 0.09583333333333334 0.7337962962962963 0.10260416666666666 0.7125 0.10572916666666667 0.6754629629629629
1 0.1578125 0.7550925925925925 0.16875 0.6902777777777778 0.16927083333333334 0.6671296296296296 0.16458333333333333 0.6643518518518519 0.16197916666666667 0.6513888888888889 0.16614583333333333 0.5986111111111111 0.1640625 0.5902777777777778 0.15807291666666667 0.5814814814814815 0.14921875 0.5833333333333334 0.14270833333333333 0.5949074074074074 0.14479166666666668 0.6541666666666667 0.13333333333333333 0.6986111111111111 0.13333333333333333 0.7217592592592592 0.13802083333333334 0.750462962962963 0.14296875 0.7648148148148148 0.15104166666666666 0.7652777777777777 0.15442708333333333 0.7638888888888888 0.1578125 0.7550925925925925
1 0.40677083333333336 0.6717592592592593 0.39947916666666666 0.6356481481481482 0.4010416666666667 0.5875 0.39869791666666665 0.5805555555555556 0.39088541666666665 0.5777777777777777 0.3854166666666667 0.5884259259259259 0.38645833333333335 0.6393518518518518 0.37864583333333335 0.6736111111111112 0.37864583333333335 0.7078703703703704 0.3796875 0.7171296296296297 0.38255208333333335 0.7203703703703703 0.4015625 0.7199074074074074 0.4036458333333333 0.7162037037037037 0.40677083333333336 0.6717592592592593
1 0.43697916666666664 0.711574074074074 0.4359375 0.6893518518518519 0.4276041666666667 0.6523148148148148 0.43020833333333336 0.600462962962963 0.42734375 0.5879629629629629 0.41953125 0.5824074074074074 0.4119791666666667 0.5930555555555556 0.41302083333333334 0.6550925925925926 0.40677083333333336 0.6810185185185185 0.4041666666666667 0.7180555555555556 0.40651041666666665 0.7212962962962963 0.42916666666666664 0.7217592592592592 0.4356770833333333 0.7203703703703703 0.43697916666666664 0.711574074074074
1 0.47760416666666666 0.7023148148148148 0.4671875 0.6560185185185186 0.46927083333333336 0.600462962962963 0.46484375 0.587037037037037 0.45859375 0.5842592592592593 0.45364583333333336 0.5893518518518519 0.4515625 0.5976851851851852 0.453125 0.6578703703703703 0.44427083333333334 0.6967592592592593 0.4432291666666667 0.7180555555555556 0.44609375 0.7222222222222222 0.47552083333333334 0.7217592592592592 0.4786458333333333 0.7180555555555556 0.47760416666666666 0.7023148148148148
1 0.5208333333333334 0.711574074074074 0.5177083333333333 0.7060185185185185 0.5135416666666667 0.6847222222222222 0.5046875 0.6625 0.5020833333333333 0.6060185185185185 0.49661458333333336 0.5944444444444444 0.48984375 0.5944444444444444 0.484375 0.6050925925925926 0.484375 0.6171296296296296 0.490625 0.6606481481481481 0.4859375 0.7032407407407407 0.4864583333333333 0.7180555555555556 0.48880208333333336 0.7212962962962963 0.5182291666666666 0.7208333333333333 0.5203125 0.7189814814814814 0.5208333333333334 0.711574074074074
1 0.5651041666666666 0.7032407407407407 0.5546875 0.6569444444444444 0.55625 0.5986111111111111 0.5528645833333333 0.5888888888888889 0.5450520833333333 0.5861111111111111 0.5380208333333333 0.5986111111111111 0.5411458333333333 0.6569444444444444 0.5322916666666667 0.6976851851851852 0.53125 0.7189814814814814 0.53359375 0.7222222222222222 0.5635416666666667 0.7217592592592592 0.565625 0.7189814814814814 0.5651041666666666 0.7032407407407407
1 0.6046875 0.700462962962963 0.5963541666666666 0.6532407407407408 0.5979166666666667 0.5958333333333333 0.59453125 0.587037037037037 0.5877604166666667 0.5833333333333334 0.58359375 0.5861111111111111 0.5796875 0.5976851851851852 0.58125 0.6560185185185186 0.5729166666666666 0.6921296296296297 0.571875 0.7143518518518519 0.5731770833333333 0.7203703703703703 0.5768229166666666 0.7222222222222222 0.6020833333333333 0.7217592592592592 0.6052083333333333 0.7180555555555556 0.6046875 0.700462962962963
1 0.6302083333333334 0.6856481481481481 0.621875 0.6421296296296296 0.6229166666666667 0.586574074074074 0.6174479166666667 0.5777777777777777 0.6127604166666667 0.5777777777777777 0.6072916666666667 0.5875 0.6088541666666667 0.6337962962962963 0.6072916666666667 0.649537037037037 0.6015625 0.6689814814814815 0.6052083333333333 0.7189814814814814 0.6080729166666666 0.7222222222222222 0.6255208333333333 0.7217592592592592 0.6286458333333333 0.7171296296296297 0.6302083333333334 0.6856481481481481
2 0.7286458333333333 0.8273148148148148 0.7328125 0.8162037037037037 0.7328125 0.7939814814814815 0.7278645833333334 0.7842592592592592 0.72265625 0.7805555555555556 0.7044270833333334 0.7796296296296297 0.7020833333333333 0.7671296296296296 0.7005208333333334 0.7319444444444444 0.69765625 0.725925925925926 0.6908854166666667 0.7240740740740741 0.5481770833333334 0.725 0.51953125 0.7212962962962963 0.48411458333333335 0.7240740740740741 0.3065104166666667 0.7231481481481481 0.30104166666666665 0.7319444444444444 0.2984375 0.7736111111111111 0.29453125 0.7777777777777778 0.28515625 0.7759259259259259 0.27317708333333335 0.7796296296296297 0.26875 0.7875 0.2677083333333333 0.8013888888888889 0.271875 0.8180555555555555 0.28098958333333335 0.8333333333333334 0.29296875 0.8388888888888889 0.3028645833333333 0.8388888888888889 0.3143229166666667 0.8305555555555556 0.3299479166666667 0.8018518518518518 0.3377604166666667 0.7972222222222223 0.66171875 0.8009259259259259 0.6700520833333333 0.8055555555555556 0.6825520833333333 0.8314814814814815 0.6893229166666667 0.8388888888888889 0.6986979166666667 0.8444444444444444 0.7072916666666667 0.8449074074074074 0.71796875 0.8407407407407408 0.7286458333333333 0.8273148148148148