1 0.48406753359375 0.3668213361111111 0.48515625 0.35625 0.48055710546875 0.33874935694444447 0.47734375 0.3215277777777778 0.4773977078125 0.3025676972222222 0.4796875 0.28541666666666665 0.470703125 0.28194444444444444 0.46796875 0.29097222222222224 0.46862160078125 0.30506297777777774 0.4703125 0.3215277777777778 0.46686637500000006 0.3312634972222222 0.4640625 0.34652777777777777 0.46328125 0.36875 0.46796875 0.3923611111111111 0.47578125 0.39791666666666664 0.48125 0.3909722222222222 0.48406753359375 0.3668213361111111
1 0.4609375 0.34791666666666665 0.45773923749999995 0.3293920375 0.453125 0.3145833333333333 0.45457983984375006 0.29882475694444444 0.45625 0.28541666666666665 0.45247358281250005 0.2813577583333333 0.447265625 0.28194444444444444 0.44375 0.28680555555555554 0.44475061640625 0.29570565833333334 0.4461547875 0.3194108763888889 0.440625 0.34097222222222223 0.43984375 0.3590277777777778 0.4453125 0.38819444444444445 0.45234375 0.3923611111111111 0.45703125 0.38680555555555557 0.4609375 0.34791666666666665
1 0.7640625 0.34930555555555554 0.759375 0.3298611111111111 0.7609375 0.29097222222222224 0.758984375 0.2833333333333333 0.751953125 0.28194444444444444 0.7484375 0.28958333333333336 0.75 0.3229166666666667 0.74375 0.35208333333333336 0.74375 0.3729166666666667 0.748828125 0.4 0.76015625 0.3993055555555556 0.7640625 0.3770833333333333 0.7640625 0.34930555555555554
1 0.730978109375 0.3415960416666667 0.7255093593749999 0.31659604166666666 0.7266388648437501 0.29695329722222225 0.72593680234375 0.28447685833333336 0.7224263507812501 0.28073393888888887 0.7182138359375 0.28073393888888887 0.71505441484375 0.28634831805555555 0.71680961796875 0.2994485777777778 0.716915609375 0.32215159722222225 0.7132992125000001 0.33874935694444447 0.710665609375 0.36104048611111106 0.714571859375 0.38881826388888885 0.718868734375 0.3950682638888888 0.7255093593749999 0.3943738194444444 0.731759359375 0.36242937499999994 0.730978109375 0.3415960416666667
1 0.41670743828125 0.5832296097222223 0.41670743828125 0.6012619430555556 0.41998076796875 0.6175491972222222 0.4265625 0.6298611111111111 0.439453125 0.6333333333333333 0.4520595078125 0.6251111388888889 0.45893353281250004 0.6146407861111111 0.46089750859375 0.5989351972222222 0.46155219687500004 0.5785761194444444 0.454023528125 0.5558902763888889 0.44223949765625 0.5500733930555556 0.431640625 0.55 0.423046875 0.5597222222222222 0.4203125 0.5701388888888889 0.41670743828125 0.5832296097222223
1 0.29296875 0.38819444444444445 0.294921875 0.39305555555555555 0.304296875 0.3902777777777778 0.30991388671875 0.36720953333333334 0.3109375 0.34930555555555554 0.30797546875 0.33123197083333333 0.30517553359375 0.31439141944444443 0.3064678078125 0.28606866527777775 0.303515625 0.28055555555555556 0.29634495781250003 0.2799448263888889 0.2921875 0.28402777777777777 0.29203736328124996 0.3006127777777778 0.2933296515625 0.31286045833333337 0.28828125 0.34097222222222223 0.28828125 0.3659722222222222 0.29296875 0.38819444444444445
1 0.25625 0.35347222222222224 0.25703125 0.3770833333333333 0.259375 0.38819444444444445 0.263671875 0.3972222222222222 0.269140625 0.3972222222222222 0.274609375 0.39444444444444443 0.27890625 0.38125 0.28046875 0.34791666666666665 0.27512735625 0.3201325208333333 0.275 0.28402777777777777 0.271484375 0.2791666666666667 0.266015625 0.2791666666666667 0.262890625 0.28055555555555556 0.26015625 0.28958333333333336 0.26310482109375 0.32242895416666667 0.25625 0.35347222222222224
1 0.22606728984375 0.34768979027777774 0.22499038750000003 0.3626166555555556 0.2265625 0.3840277777777778 0.230859375 0.4027777777777778 0.242578125 0.4027777777777778 0.24921875 0.3840277777777778 0.24921875 0.36319444444444443 0.24695910546875002 0.34462788055555554 0.24264375 0.3243426597222222 0.24375 0.2923611111111111 0.241015625 0.2847222222222222 0.235546875 0.2833333333333333 0.230078125 0.2861111111111111 0.22734375 0.29375 0.2292979828125 0.3251081375 0.22606728984375 0.34768979027777774
1 0.13273275703125 0.3136259416666667 0.12907130703125 0.3346766333333333 0.12734375 0.36180555555555555 0.13203125 0.3854166666666667 0.133984375 0.3888888888888889 0.142578125 0.3888888888888889 0.1453125 0.38680555555555557 0.14765625 0.3770833333333333 0.1512554109375 0.3679750111111111 0.152547684375 0.3522826694444444 0.149532378125 0.33429389444444446 0.1465170578125 0.31247771944444447 0.146875 0.28680555555555554 0.14609375 0.2798611111111111 0.142578125 0.2763888888888889 0.133984375 0.2763888888888889 0.13046875 0.2798611111111111 0.131225096875 0.2990818236111111 0.13273275703125 0.3136259416666667
1 0.17193185390625002 0.3423314347222222 0.17085496640625 0.3603202097222222 0.171875 0.3784722222222222 0.177734375 0.4027777777777778 0.188671875 0.4027777777777778 0.19140625 0.39791666666666664 0.19296875 0.38680555555555557 0.1936852 0.37371610555555557 0.19174678203125 0.3511344527777778 0.18830071718750002 0.32357718333333335 0.1890625 0.29375 0.184765625 0.2833333333333333 0.176171875 0.2847222222222222 0.17265625 0.29375 0.1753779328125 0.3201325208333333 0.17193185390625002 0.3423314347222222
1 0.1537711296875 0.3914970333333333 0.1572867546875 0.39774703333333333 0.1666617546875 0.39774703333333333 0.1709586296875 0.3901081444444444 0.1693961296875 0.28871925555555555 0.1666617546875 0.28108036666666664 0.1635367546875 0.27969147777777775 0.1557242546875 0.27969147777777775 0.15220862968749999 0.28733036666666667 0.1514273796875 0.37899703333333334 0.1537711296875 0.3914970333333333