1 0.44921875 0.27708333333333335 0.44375 0.2534722222222222 0.44453125 0.22708333333333333 0.438671875 0.22361111111111112 0.43515625 0.22569444444444445 0.4359375 0.2520833333333333 0.4296875 0.28680555555555554 0.43515625 0.3159722222222222 0.44375 0.31875 0.4484375 0.3020833333333333 0.44921875 0.27708333333333335
1 0.471875 0.3020833333333333 0.4734375 0.28958333333333336 0.4734375 0.26458333333333334 0.46796875 0.24375 0.46796875 0.22708333333333333 0.466796875 0.225 0.462109375 0.225 0.4609375 0.22708333333333333 0.46171875 0.24097222222222223 0.45546875 0.2659722222222222 0.45546875 0.28680555555555554 0.459375 0.3076388888888889 0.462890625 0.3125 0.465625 0.31180555555555556 0.468359375 0.3111111111111111 0.471875 0.3020833333333333
1 0.42109375 0.31875 0.425 0.2951388888888889 0.425 0.28402777777777777 0.41875 0.2590277777777778 0.4203125 0.22847222222222222 0.416796875 0.22361111111111112 0.411328125 0.225 0.409375 0.22847222222222222 0.4109375 0.2590277777777778 0.4046875 0.2826388888888889 0.4046875 0.30069444444444443 0.4078125 0.31875 0.412109375 0.3263888888888889 0.4140625 0.32569444444444445 0.416796875 0.325 0.42109375 0.31875
1 0.3984375 0.31875 0.3992591125 0.2942422708333333 0.39609375 0.27569444444444446 0.39375 0.26180555555555557 0.39402217421875 0.24638144166666665 0.39458327890625 0.23341913888888888 0.39102965312500004 0.2294307263888889 0.3878500796875 0.23042783611111112 0.38410941484375 0.23275439722222224 0.38317425859375 0.24339013750000002 0.384375 0.2673611111111111 0.38125 0.27847222222222223 0.37890625 0.2965277777777778 0.38046875 0.3173611111111111 0.38373535 0.32714659166666665 0.388671875 0.32916666666666666 0.390625 0.3284722222222222 0.394921875 0.3263888888888889 0.3984375 0.31875
1 0.37578125 0.31319444444444444 0.376815125 0.2919156986111111 0.37578125 0.27569444444444446 0.37265625 0.26180555555555557 0.37109375 0.2590277777777778 0.37265625 0.23680555555555555 0.37307446640625 0.23109256805555556 0.370703125 0.225 0.365234375 0.225 0.3625 0.22847222222222222 0.3625 0.23958333333333334 0.36484375 0.25763888888888886 0.3578125 0.2826388888888889 0.3578125 0.3020833333333333 0.36171875 0.32013888888888886 0.364453125 0.325 0.36953125 0.32569444444444445 0.3734375 0.3215277777777778 0.37578125 0.31319444444444444
1 0.35625 0.27847222222222223 0.35078125 0.2534722222222222 0.35078125 0.24097222222222223 0.35234375 0.23125 0.3515625 0.22708333333333333 0.349609375 0.225 0.344140625 0.225 0.34140625 0.2298611111111111 0.34296875 0.2520833333333333 0.3375 0.27291666666666664 0.33671875 0.29375 0.340625 0.31319444444444444 0.343359375 0.3194444444444444 0.3515625 0.31875 0.35625 0.29930555555555555 0.35625 0.27847222222222223
1 0.3359375 0.27291666666666664 0.33046875 0.2465277777777778 0.32890625 0.24375 0.33046875 0.23541666666666666 0.33046875 0.22847222222222222 0.329296875 0.2263888888888889 0.323828125 0.2263888888888889 0.321875 0.2298611111111111 0.3234375 0.24513888888888888 0.31875 0.2604166666666667 0.3171875 0.2701388888888889 0.3171875 0.2881944444444444 0.31796875 0.29375 0.32019454453125 0.30435592916666665 0.321875 0.3090277777777778 0.324609375 0.3125 0.33046875 0.31180555555555556 0.33515625 0.2923611111111111 0.3359375 0.27291666666666664
1 0.38125 0.2826388888888889 0.38203125 0.27569444444444446 0.38165234296875 0.2665087666666667 0.37774690703124997 0.25111425972222223 0.37661078359375 0.2415242416666667 0.3765625 0.23541666666666666 0.37734375 0.2298611111111111 0.374609375 0.22777777777777777 0.372265625 0.22777777777777777 0.3732023984375 0.2310509277777778 0.37265625 0.23541666666666666 0.37265625 0.2423611111111111 0.37109375 0.2465277777777778 0.37109375 0.25069444444444444 0.37128518828125 0.25250228888888887 0.37109375 0.2590277777777778 0.37327340859375 0.2634803388888889 0.37412550625 0.26915864027777775 0.3754036453125 0.2743322097222222 0.3759007015625 0.2768558916666667 0.3765625 0.2826388888888889 0.3765625 0.28680555555555554 0.3778179171875 0.2993167305555556 0.380078125 0.2861111111111111 0.38125 0.2826388888888889
1 0.60180138515625 0.28125184999999997 0.59967488359375 0.2673959125 0.5968292765625 0.2538920972222222 0.5976105265625 0.22472543055555555 0.5909699015625 0.22264209722222222 0.5874542765624999 0.22472543055555555 0.587152159375 0.2377945888888889 0.5882355265625 0.25250320833333334 0.5819855265625 0.27472543055555554 0.5819855265625 0.29139209722222226 0.5851105265625 0.3108365416666667 0.5886261515625 0.31708654166666667 0.5960480265625 0.3163920972222222 0.6003837226562501 0.29909661249999997 0.60180138515625 0.28125184999999997
1 0.57772487265625 0.29097222222222224 0.57850612265625 0.2673611111111111 0.57303737265625 0.2423611111111111 0.57303737265625 0.22708333333333333 0.57297551953125 0.2249883486111111 0.57108424765625 0.22361111111111112 0.56639674765625 0.22361111111111112 0.5644695132812501 0.22603804027777777 0.56600612265625 0.23819444444444443 0.56234299609375 0.2568989930555556 0.56068904921875 0.26802573194444446 0.56068904921875 0.28335123472222223 0.56399694375 0.3045550236111111 0.56366237265625 0.30625 0.56717799765625 0.30972222222222223 0.57225612265625 0.3090277777777778 0.57459987265625 0.30486111111111114 0.57772487265625 0.29097222222222224
1 0.17578125 0.28541666666666665 0.1734375 0.2659722222222222 0.16875 0.24930555555555556 0.1703125 0.23125 0.168359375 0.2263888888888889 0.163671875 0.225 0.160546875 0.2263888888888889 0.159375 0.2298611111111111 0.1609375 0.25625 0.15625 0.2798611111111111 0.15625 0.29930555555555555 0.1578125 0.30625 0.162890625 0.31805555555555554 0.1703125 0.31875 0.17421875 0.30625 0.17578125 0.28541666666666665
1 0.2 0.30625 0.20234375 0.28680555555555554 0.20234375 0.2673611111111111 0.19609375 0.2423611111111111 0.196875 0.2298611111111111 0.192578125 0.225 0.18828125 0.22847222222222222 0.18828125 0.24930555555555556 0.1859375 0.25625 0.18359375 0.2701388888888889 0.18359375 0.2881944444444444 0.184375 0.2965277777777778 0.18828125 0.3090277777777778 0.191796875 0.3138888888888889 0.19375 0.31319444444444444 0.197265625 0.3125 0.2 0.30625
1 0.14453125 0.31319444444444444 0.14609375 0.2923611111111111 0.1421875 0.26458333333333334 0.140625 0.2604166666666667 0.140625 0.2520833333333333 0.1421875 0.24513888888888888 0.1421875 0.2298611111111111 0.140234375 0.2263888888888889 0.133984375 0.2263888888888889 0.13203125 0.2298611111111111 0.13359375 0.2604166666666667 0.12890625 0.28125 0.128125 0.30486111111111114 0.13125 0.3215277777777778 0.133984375 0.3263888888888889 0.13828125 0.32708333333333334 0.14140625 0.32569444444444445 0.14453125 0.31319444444444444
1 0.0796875 0.31319444444444444 0.08125 0.3020833333333333 0.08125 0.27152777777777776 0.07578125 0.25069444444444444 0.0765625 0.22847222222222222 0.073046875 0.225 0.069140625 0.225 0.066796875 0.2263888888888889 0.06484375 0.23125 0.06720909921875 0.2522724680555556 0.0625 0.27291666666666664 0.0625 0.3020833333333333 0.06328125 0.3090277777777778 0.066796875 0.3194444444444444 0.068359375 0.32083333333333336 0.0765625 0.32013888888888886 0.078125 0.31875 0.0796875 0.31319444444444444
1 0.08729233359375001 0.26069900555555553 0.083666190625 0.2758172013888889 0.0821320546875 0.2906875666666667 0.0833872578125 0.3102668652777778 0.0871528625 0.3286069875 0.0957998125 0.3281113111111111 0.0998443546875 0.31819773333333334 0.10082062421875 0.3065492777777778 0.10012328749999999 0.29291812222222224 0.0985891515625 0.27829559583333335 0.0966366109375 0.2673906638888889 0.09566034140625 0.25623789444444445 0.09691554453125 0.23715426388888888 0.09566034140625 0.22748853472222222 0.09091847109375 0.2264971763888889 0.08701340078125 0.22947124722222223 0.08575819765625001 0.2411196986111111 0.08729233359375001 0.26069900555555553
1 0.1034704921875 0.2802783125 0.10207582734375001 0.2968835486111111 0.1029126265625 0.3184455638888889 0.10360996328125001 0.3407511041666667 0.10918863203125 0.34694709305555554 0.11699878281250001 0.3444687069444444 0.11839344765625 0.33381160694444445 0.1189513140625 0.32067611944444446 0.11853291953125 0.3077884791666667 0.11769612031250001 0.2934138 0.11393051093749999 0.27333880694444446 0.1146278484375 0.2641687541666667 0.11504624296874999 0.24805919583333333 0.11379103984375001 0.23368451527777775 0.11016490234375001 0.22897556944444447 0.10430729140624999 0.23442803194444445 0.1044467625 0.24929839722222222 0.10650735 0.26982549166666664 0.1034704921875 0.2802783125
1 0.05145016328125 0.24977340694444444 0.046719034375 0.270791975 0.045831961718749994 0.27972487916666666 0.048197515625 0.30179439166666666 0.0502673859375 0.30652355833333333 0.05145016328125 0.3149309986111111 0.060025328125 0.3138800736111111 0.06239088203125 0.2849795263888889 0.063277975 0.26185908888888887 0.059439828906250006 0.24675903333333335 0.05854684609375001 0.23085667222222223 0.058811557031249996 0.22749988194444445 0.0498586546875 0.22805811666666667 0.05145016328125 0.24084050277777777 0.05145016328125 0.24977340694444444
1 0.127607553125 0.30174530833333335 0.12886409765625 0.2738335 0.12391688906250001 0.2520833333333333 0.1231356390625 0.24375 0.1246981390625 0.2298611111111111 0.12196376406250001 0.2263888888888889 0.1188387640625 0.2263888888888889 0.1129793890625 0.23125 0.1153231390625 0.23680555555555555 0.1153231390625 0.25069444444444444 0.11504207109375 0.26127318194444443 0.11472793515624999 0.2727170305555555 0.11802636796874999 0.29030146944444446 0.11912584921875 0.3064903305555555 0.12038240390624999 0.3196088736111111 0.1258700140625 0.3194444444444444 0.1272934171875 0.31318916527777774 0.127607553125 0.30174530833333335
1 0.15625 0.2701388888888889 0.1546875 0.2590277777777778 0.15 0.24513888888888888 0.14921875 0.23819444444444443 0.15078125 0.23125 0.148046875 0.2263888888888889 0.144140625 0.2263888888888889 0.1421875 0.22847222222222222 0.1421875 0.2465277777777778 0.140625 0.2604166666666667 0.1453125 0.2923611111111111 0.14453125 0.3090277777777778 0.145703125 0.3125 0.14921875 0.31319444444444444 0.1546875 0.3034722222222222 0.15625 0.2701388888888889
0 0.3671875 0.5798611111111112 0.355859375 0.5541666666666667 0.348046875 0.5486111111111112 0.337109375 0.55 0.32421875 0.5715277777777777 0.321875 0.59375 0.32578125 0.6118055555555556 0.337109375 0.6305555555555555 0.35 0.6326388888888889 0.36328125 0.6118055555555556 0.3671875 0.5798611111111112