1 0 0.42569444444444443 0.00234375 0.44513888888888886 0.009375 0.45208333333333334 0.02109375 0.4465277777777778 0.025 0.4326388888888889 0.0265625 0.39375 0.0265625 0.37430555555555556 0.01796875 0.34375 0.02109375 0.2951388888888889 0.01875 0.28541666666666665 0.012890625 0.28055555555555556 0.003515625 0.2847222222222222 0.00078125 0.2923611111111111 0.0046875 0.34375 0 0.36180555555555555 0 0.42569444444444443
1 0.05703125 0.4326388888888889 0.05625 0.38958333333333334 0.04921875 0.3506944444444444 0.0515625 0.3034722222222222 0.048046875 0.2902777777777778 0.038671875 0.28888888888888886 0.03046875 0.3034722222222222 0.03515625 0.34930555555555554 0.028125 0.37569444444444444 0.0265625 0.42569444444444443 0.034765625 0.4597222222222222 0.0484375 0.46041666666666664 0.05390625 0.4534722222222222 0.05703125 0.4326388888888889
1 0.084375 0.3798611111111111 0.07890625 0.36319444444444443 0.08125 0.31319444444444444 0.077734375 0.2986111111111111 0.068359375 0.2972222222222222 0.06328125 0.3020833333333333 0.0609375 0.31319444444444444 0.06484375 0.3548611111111111 0.0578125 0.38819444444444445 0.05703125 0.4326388888888889 0.063671875 0.46805555555555556 0.0796875 0.46875 0.0875 0.4354166666666667 0.084375 0.3798611111111111
1 0.133984375 0.4361111111111111 0.1372142015625 0.4164464013888889 0.1364226921875 0.38831697222222217 0.130078125 0.3611111111111111 0.12578125 0.34930555555555554 0.1296875 0.2951388888888889 0.125390625 0.28888888888888886 0.116015625 0.28888888888888886 0.10859375 0.30069444444444443 0.11171875 0.3506944444444444 0.10390625 0.3854166666666667 0.10234375 0.41597222222222224 0.109375 0.4548611111111111 0.113671875 0.46111111111111114 0.12265625 0.46041666666666664 0.128125 0.4548611111111111 0.133984375 0.4361111111111111
1 0.18203125 0.3923611111111111 0.1796875 0.3715277777777778 0.17109375 0.34097222222222223 0.17421875 0.2923611111111111 0.170703125 0.2833333333333333 0.163671875 0.28055555555555556 0.15546875 0.2923611111111111 0.159375 0.3423611111111111 0.15 0.37569444444444444 0.14921875 0.41180555555555554 0.15546875 0.4465277777777778 0.16953125 0.45069444444444445 0.17578125 0.4409722222222222 0.18203125 0.3923611111111111
1 0.22421875 0.3729166666666667 0.2140625 0.33125 0.21640625 0.28402777777777777 0.212109375 0.2763888888888889 0.204296875 0.2763888888888889 0.2 0.28402777777777777 0.203125 0.33541666666666664 0.19609375 0.36041666666666666 0.19375 0.3993055555555556 0.2 0.43680555555555556 0.203515625 0.44166666666666665 0.21640625 0.4409722222222222 0.221875 0.4201388888888889 0.22421875 0.3729166666666667
1 0.14921875 0.3770833333333333 0.13984375 0.33402777777777776 0.1421875 0.28541666666666665 0.137890625 0.2763888888888889 0.128515625 0.2763888888888889 0.12421875 0.28402777777777777 0.12890625 0.3076388888888889 0.12578125 0.3506944444444444 0.1375 0.38263888888888886 0.13671875 0.4131944444444444 0.13203125 0.4340277777777778 0.133984375 0.44166666666666665 0.13828125 0.4409722222222222 0.146875 0.42291666666666666 0.14921875 0.3770833333333333
1 0.10078125 0.43680555555555556 0.10390625 0.3770833333333333 0.0953125 0.3423611111111111 0.09765625 0.29375 0.094140625 0.2833333333333333 0.087109375 0.28055555555555556 0.078125 0.2923611111111111 0.08203125 0.33958333333333335 0.07890625 0.36041666666666666 0.0859375 0.38958333333333334 0.0875 0.4201388888888889 0.08515625 0.4479166666666667 0.0921875 0.45069444444444445 0.096484375 0.4486111111111111 0.10078125 0.43680555555555556
1 0.0609375 0.3145833333333333 0.06796875 0.28958333333333336 0.064453125 0.2763888888888889 0.053515625 0.2763888888888889 0.04921875 0.28402777777777777 0.05234375 0.3090277777777778 0.05234375 0.33541666666666664 0.04921875 0.34930555555555554 0.0515625 0.36319444444444443 0.05703125 0.36736111111111114 0.0640625 0.36041666666666666 0.0609375 0.3145833333333333
1 0.3921875 0.37430555555555556 0.3828125 0.33402777777777776 0.38515625 0.2826388888888889 0.375390625 0.275 0.36875 0.28541666666666665 0.371875 0.33541666666666664 0.36484375 0.36319444444444443 0.3625 0.3951388888888889 0.3703125 0.43819444444444444 0.38359375 0.4409722222222222 0.39140625 0.41180555555555554 0.3921875 0.37430555555555556
1 0.425 0.41041666666666665 0.425 0.38819444444444445 0.41484375 0.3423611111111111 0.4171875 0.29097222222222224 0.413671875 0.28194444444444444 0.406640625 0.28055555555555556 0.4 0.29375 0.40390625 0.33819444444444446 0.39453125 0.38125 0.39375 0.3993055555555556 0.40078125 0.44375 0.403515625 0.45 0.41171875 0.45069444444444445 0.41875 0.44375 0.425 0.41041666666666665
1 0.46015625 0.43125 0.46328125 0.3909722222222222 0.4515625 0.3548611111111111 0.4546875 0.3173611111111111 0.453125 0.2951388888888889 0.443359375 0.28888888888888886 0.43671875 0.30069444444444443 0.4390625 0.3548611111111111 0.4328125 0.3770833333333333 0.4296875 0.4048611111111111 0.4359375 0.4548611111111111 0.438671875 0.4597222222222222 0.45078125 0.45902777777777776 0.45546875 0.4534722222222222 0.46015625 0.43125
1 0.49398650625 0.38996926666666665 0.48515625 0.3645833333333333 0.48515625 0.31319444444444444 0.48203125 0.30069444444444443 0.475390625 0.29583333333333334 0.46953125 0.3090277777777778 0.47265625 0.3590277777777778 0.46328125 0.39652777777777776 0.4625 0.42430555555555555 0.4703125 0.46597222222222223 0.48515625 0.46875 0.49343924218749996 0.43810444583333336 0.49398650625 0.38996926666666665
1 0.53671875 0.39791666666666664 0.5265625 0.34930555555555554 0.53046875 0.29930555555555555 0.518359375 0.2875 0.51328125 0.29375 0.51171875 0.3034722222222222 0.5140625 0.35347222222222224 0.50546875 0.39375 0.50546875 0.41875 0.51328125 0.4576388888888889 0.52265625 0.45902777777777776 0.5359375 0.42569444444444443 0.53671875 0.39791666666666664
1 0.56953125 0.3423611111111111 0.57109375 0.28680555555555554 0.566796875 0.2791666666666667 0.559765625 0.2791666666666667 0.5546875 0.2923611111111111 0.5578125 0.33541666666666664 0.5484375 0.38263888888888886 0.5484375 0.41041666666666665 0.57734375 0.42291666666666666 0.5796875 0.3909722222222222 0.56953125 0.3423611111111111
1 0.61640625 0.41875 0.61875 0.3701388888888889 0.609375 0.33541666666666664 0.6109375 0.2798611111111111 0.605859375 0.2708333333333333 0.599609375 0.2708333333333333 0.59453125 0.28402777777777777 0.59765625 0.33541666666666664 0.58984375 0.3715277777777778 0.5890625 0.39652777777777776 0.59609375 0.4340277777777778 0.599609375 0.44027777777777777 0.60859375 0.4395833333333333 0.61328125 0.4354166666666667 0.61640625 0.41875
1 0.54453125 0.3909722222222222 0.54296875 0.3701388888888889 0.534375 0.33541666666666664 0.53671875 0.28541666666666665 0.531640625 0.2722222222222222 0.524609375 0.2722222222222222 0.51953125 0.28680555555555554 0.52890625 0.30069444444444443 0.5265625 0.3506944444444444 0.53671875 0.39652777777777776 0.53828125 0.41875 0.5421875 0.41180555555555554 0.54453125 0.3909722222222222
1 0.4921875 0.34375 0.49375 0.29097222222222224 0.486328125 0.2791666666666667 0.478125 0.28680555555555554 0.478125 0.2951388888888889 0.48671875 0.3173611111111111 0.484375 0.36041666666666666 0.49921875 0.3909722222222222 0.5 0.37569444444444444 0.4921875 0.34375
1 0.45703125 0.3298611111111111 0.46015625 0.28541666666666665 0.455078125 0.27361111111111114 0.450390625 0.2722222222222222 0.44296875 0.28680555555555554 0.45234375 0.29375 0.45390625 0.3215277777777778 0.45078125 0.34930555555555554 0.46328125 0.39375 0.4671875 0.3770833333333333 0.45703125 0.3298611111111111
0 0.5828125 0.4826388888888889 0.58515625 0.46041666666666664 0.576171875 0.4263888888888889 0.565234375 0.4152777777777778 0.548828125 0.41388888888888886 0.540234375 0.42083333333333334 0.53046875 0.4395833333333333 0.5265625 0.45902777777777776 0.52734375 0.47430555555555554 0.537890625 0.5041666666666667 0.548046875 0.5138888888888888 0.56015625 0.5145833333333333 0.57734375 0.4979166666666667 0.5828125 0.4826388888888889