1 0.26796875 0.5131944444444444 0.2734375 0.4840277777777778 0.275 0.4479166666666667 0.27265625 0.42430555555555555 0.2609375 0.3798611111111111 0.26328125 0.33958333333333335 0.251171875 0.3375 0.24375 0.3423611111111111 0.246875 0.3784722222222222 0.23359375 0.4395833333333333 0.23359375 0.4673611111111111 0.24375 0.5256944444444445 0.248046875 0.5305555555555556 0.2578125 0.5298611111111111 0.262890625 0.5291666666666667 0.26796875 0.5131944444444444
1 0.3140625 0.5368055555555555 0.3203125 0.5020833333333333 0.32109375 0.45625 0.3078125 0.39791666666666664 0.31015625 0.3423611111111111 0.308203125 0.3375 0.289453125 0.3375 0.2875 0.35347222222222224 0.29140625 0.39791666666666664 0.2796875 0.44930555555555557 0.27890625 0.48541666666666666 0.28984375 0.5423611111111111 0.294921875 0.5486111111111112 0.30390625 0.5479166666666667 0.309765625 0.5472222222222223 0.3140625 0.5368055555555555
1 0.36953125 0.4909722222222222 0.36640625 0.4576388888888889 0.35546875 0.4131944444444444 0.35859375 0.34097222222222223 0.339453125 0.3375 0.3359375 0.34375 0.3359375 0.36319444444444443 0.33984375 0.41458333333333336 0.328125 0.4618055555555556 0.3265625 0.49930555555555556 0.32890625 0.5270833333333333 0.3375 0.5576388888888889 0.35390625 0.5631944444444444 0.36171875 0.5520833333333334 0.36953125 0.4909722222222222
1 0.409375 0.56875 0.41796875 0.5229166666666667 0.4171875 0.4840277777777778 0.4046875 0.4284722222222222 0.40546875 0.39375 0.40657095390625003 0.3704706847222222 0.406165934375 0.34600091944444444 0.394921875 0.3388888888888889 0.388671875 0.34444444444444444 0.384375 0.35625 0.3875 0.42986111111111114 0.37578125 0.4840277777777778 0.37421875 0.50625 0.38046875 0.5604166666666667 0.387890625 0.5777777777777777 0.39296875 0.5784722222222223 0.403515625 0.5777777777777777 0.409375 0.56875
1 0.47734375 0.5020833333333333 0.475 0.46041666666666664 0.4640625 0.4131944444444444 0.46484375 0.3770833333333333 0.471875 0.3423611111111111 0.464453125 0.3347222222222222 0.451953125 0.3347222222222222 0.44375 0.34097222222222223 0.446875 0.4131944444444444 0.4359375 0.46041666666666664 0.43359375 0.48819444444444443 0.43671875 0.5215277777777778 0.4453125 0.5604166666666667 0.4640625 0.5631944444444444 0.46953125 0.5534722222222223 0.47734375 0.5020833333333333
1 0.53046875 0.5159722222222223 0.534375 0.46041666666666664 0.51953125 0.39375 0.52265625 0.33819444444444446 0.502734375 0.3347222222222222 0.50078125 0.3423611111111111 0.5046875 0.3923611111111111 0.49375 0.4409722222222222 0.4921875 0.48680555555555555 0.50234375 0.5409722222222222 0.508203125 0.5458333333333333 0.521875 0.5451388888888888 0.5265625 0.5368055555555555 0.53046875 0.5159722222222223
1 0.58203125 0.5048611111111111 0.5890625 0.48125 0.590625 0.4465277777777778 0.5765625 0.3770833333333333 0.578125 0.33541666666666664 0.560546875 0.3347222222222222 0.5609375 0.38125 0.5515625 0.4215277777777778 0.54921875 0.4618055555555556 0.55859375 0.51875 0.561328125 0.525 0.56953125 0.5270833333333333 0.58125 0.5215277777777778 0.58203125 0.5048611111111111
1 0.36796875 0.3854166666666667 0.36640625 0.36180555555555555 0.36953125 0.34097222222222223 0.359765625 0.3375 0.35546875 0.41180555555555554 0.3671875 0.45902777777777776 0.36953125 0.4895833333333333 0.3734375 0.49375 0.38046875 0.44375 0.36796875 0.3854166666666667
1 0.428125 0.4479166666666667 0.415625 0.39791666666666664 0.4171875 0.34097222222222223 0.414453125 0.3388888888888889 0.40510661406250004 0.3391954527777778 0.40878335703125 0.3567852916666666 0.40625 0.3909722222222222 0.40546875 0.4284722222222222 0.4171875 0.4798611111111111 0.4171875 0.5354166666666667 0.4203125 0.5354166666666667 0.4296875 0.47430555555555554 0.428125 0.4479166666666667
1 0.484375 0.4326388888888889 0.47265625 0.3840277777777778 0.4734375 0.3423611111111111 0.469140625 0.3375 0.4640625 0.41180555555555554 0.4765625 0.4673611111111111 0.47890625 0.5006944444444444 0.484375 0.47708333333333336 0.484375 0.4326388888888889
0 0.5140625 0.8076388888888889 0.5203125 0.7868055555555555 0.5203125 0.7451388888888889 0.51171875 0.7131944444444445 0.503515625 0.7 0.486328125 0.6902777777777778 0.466015625 0.6888888888888889 0.448046875 0.7055555555555556 0.4375 0.7298611111111111 0.434375 0.7465277777777778 0.43515625 0.7826388888888889 0.4390625 0.8006944444444445 0.451171875 0.8263888888888888 0.470703125 0.8430555555555556 0.48359375 0.8423611111111111 0.502734375 0.8291666666666667 0.5140625 0.8076388888888889