1 0.33984375 0.2701388888888889 0.33046875 0.22847222222222222 0.3328125 0.20069444444444445 0.322265625 0.19722222222222222 0.31953125 0.20208333333333334 0.321875 0.22708333333333333 0.3125 0.26875 0.3125 0.2826388888888889 0.31796875 0.31875 0.3265625 0.3229166666666667 0.33359375 0.3173611111111111 0.33984375 0.2701388888888889
1 0.359375 0.23819444444444443 0.3625 0.20347222222222222 0.358984375 0.19722222222222222 0.349609375 0.19722222222222222 0.346875 0.20069444444444445 0.34921875 0.23819444444444443 0.34140625 0.2701388888888889 0.340625 0.3020833333333333 0.349609375 0.3333333333333333 0.36015625 0.3326388888888889 0.36796875 0.29375 0.359375 0.23819444444444443
1 0.396875 0.2951388888888889 0.3875 0.24791666666666667 0.390625 0.20208333333333334 0.378515625 0.1986111111111111 0.37578125 0.20347222222222222 0.378125 0.24791666666666667 0.36953125 0.28541666666666665 0.36875 0.3104166666666667 0.3765625 0.3423611111111111 0.38671875 0.34375 0.3953125 0.3159722222222222 0.396875 0.2951388888888889
1 0.4265625 0.2965277777777778 0.4171875 0.2604166666666667 0.41953125 0.21319444444444444 0.416796875 0.20555555555555555 0.410546875 0.20416666666666666 0.4046875 0.21736111111111112 0.4078125 0.2590277777777778 0.39921875 0.29375 0.3984375 0.3173611111111111 0.40390625 0.34791666666666665 0.408984375 0.3541666666666667 0.41640625 0.35347222222222224 0.42578125 0.3284722222222222 0.4265625 0.2965277777777778
1 0.46328125 0.3215277777777778 0.46328125 0.28958333333333336 0.45625 0.25069444444444444 0.459375 0.2076388888888889 0.455859375 0.1986111111111111 0.44453125 0.20208333333333334 0.44609375 0.25069444444444444 0.43671875 0.28958333333333336 0.4421875 0.33958333333333335 0.444140625 0.34444444444444444 0.4515625 0.3451388888888889 0.45625 0.3423611111111111 0.46328125 0.3215277777777778
1 0.503125 0.28541666666666665 0.49375 0.23958333333333334 0.49609375 0.20069444444444445 0.483203125 0.1986111111111111 0.48515625 0.23680555555555555 0.4765625 0.27152777777777776 0.475 0.2951388888888889 0.48203125 0.33402777777777776 0.4921875 0.33541666666666664 0.50078125 0.3076388888888889 0.503125 0.28541666666666665
1 0.53828125 0.26458333333333334 0.53046875 0.23125 0.53203125 0.20208333333333334 0.521484375 0.1986111111111111 0.52109375 0.23125 0.5140625 0.25763888888888886 0.5125 0.28958333333333336 0.51953125 0.3229166666666667 0.53125 0.32430555555555557 0.53828125 0.2881944444444444 0.53828125 0.26458333333333334
1 0.4640625 0.2326388888888889 0.46484375 0.20208333333333334 0.458203125 0.2 0.45546875 0.24791666666666667 0.46171875 0.28402777777777777 0.4609375 0.3229166666666667 0.46328125 0.32569444444444445 0.47265625 0.27847222222222223 0.4640625 0.2326388888888889
1 0.434375 0.27291666666666664 0.42578125 0.23819444444444443 0.42890625 0.20208333333333334 0.416015625 0.1986111111111111 0.4140625 0.20347222222222222 0.41953125 0.22013888888888888 0.4171875 0.2590277777777778 0.4265625 0.29791666666666666 0.42578125 0.3284722222222222 0.428125 0.3298611111111111 0.43515625 0.30069444444444443 0.434375 0.27291666666666664
1 0.4046875 0.25625 0.39765625 0.22569444444444445 0.39921875 0.20208333333333334 0.391796875 0.1986111111111111 0.3875 0.24791666666666667 0.396875 0.29930555555555555 0.4046875 0.2701388888888889 0.4046875 0.25625
1 0.0125 0.3145833333333333 0.01328125 0.2534722222222222 0.009375 0.23402777777777778 0.009375 0.1951388888888889 0.000390625 0.18611111111111112 0 0.3284722222222222 0.00390625 0.3284722222222222 0.008203125 0.3263888888888889 0.0125 0.3145833333333333
1 0.0390625 0.3145833333333333 0.03828125 0.2701388888888889 0.034375 0.2465277777777778 0.0359375 0.19930555555555557 0.032421875 0.19166666666666668 0.019140625 0.19166666666666668 0.015625 0.19652777777777777 0.01796875 0.24791666666666667 0.01484375 0.27152777777777776 0.01484375 0.3159722222222222 0.019921875 0.3375 0.03046875 0.33819444444444446 0.0359375 0.33541666666666664 0.0390625 0.3145833333333333
1 0.06015625 0.2590277777777778 0.06171875 0.21041666666666667 0.058203125 0.1986111111111111 0.049609375 0.19722222222222222 0.04375 0.20625 0.04609375 0.2548611111111111 0.04140625 0.2798611111111111 0.0421875 0.3298611111111111 0.049609375 0.3458333333333333 0.06015625 0.3451388888888889 0.06484375 0.33125 0.06015625 0.2590277777777778
1 0.0796875 0.30069444444444443 0.07734375 0.19652777777777777 0.062890625 0.19305555555555556 0.059375 0.19791666666666666 0.0640625 0.3229166666666667 0.066796875 0.32916666666666666 0.071875 0.3284722222222222 0.07734375 0.3215277777777778 0.0796875 0.30069444444444443
1 0.10390625 0.3229166666666667 0.103125 0.20208333333333334 0.100390625 0.19444444444444445 0.090234375 0.19305555555555556 0.08359375 0.20208333333333334 0.08671875 0.24513888888888888 0.08203125 0.2701388888888889 0.08125 0.3020833333333333 0.08515625 0.33402777777777776 0.089453125 0.3402777777777778 0.09609375 0.33958333333333335 0.10234375 0.33402777777777776 0.10390625 0.3229166666666667
1 0.1203125 0.30625 0.12109375 0.25625 0.11590023515625 0.22560464583333334 0.1171875 0.19652777777777777 0.105859375 0.19305555555555556 0.103125 0.19652777777777777 0.1015625 0.23819444444444443 0.10390625 0.3145833333333333 0.105859375 0.32083333333333336 0.11171875 0.3215277777777778 0.116796875 0.3194444444444444 0.1203125 0.30625
1 0.15 0.28125 0.1421875 0.23402777777777778 0.14296875 0.19652777777777777 0.128515625 0.19444444444444445 0.128125 0.23958333333333334 0.12265625 0.27152777777777776 0.12265625 0.2951388888888889 0.12734375 0.32430555555555557 0.1390625 0.3298611111111111 0.1453125 0.3215277777777778 0.15 0.28125
1 0.1890625 0.27152777777777776 0.18125 0.22847222222222222 0.18203125 0.19930555555555557 0.168359375 0.19583333333333333 0.16875 0.2326388888888889 0.1609375 0.2659722222222222 0.16171875 0.28541666666666665 0.16875 0.31875 0.17890625 0.3215277777777778 0.18359375 0.31875 0.1890625 0.27152777777777776
0 0.36875 0.6854166666666667 0.3765625 0.65625 0.3765625 0.6395833333333333 0.366015625 0.6041666666666666 0.349609375 0.5944444444444444 0.335546875 0.5958333333333333 0.325390625 0.6041666666666666 0.31796875 0.6215277777777778 0.31484375 0.6354166666666666 0.31484375 0.6645833333333333 0.327734375 0.6972222222222222 0.337890625 0.7069444444444445 0.3484375 0.7076388888888889 0.362109375 0.6972222222222222 0.36875 0.6854166666666667