1 0.5078125 0.3909722222222222 0.49765625 0.3423611111111111 0.50078125 0.3215277777777778 0.4984375 0.3034722222222222 0.494140625 0.2972222222222222 0.4875 0.30486111111111114 0.490625 0.3423611111111111 0.48203125 0.3854166666666667 0.4875 0.4201388888888889 0.4953125 0.42430555555555555 0.503125 0.41597222222222224 0.5078125 0.3909722222222222
1 0.48125 0.36736111111111114 0.47265625 0.33541666666666664 0.4765625 0.3034722222222222 0.473046875 0.29305555555555557 0.468359375 0.2916666666666667 0.4625 0.3020833333333333 0.465625 0.33819444444444446 0.45859375 0.36319444444444443 0.4578125 0.38819444444444445 0.4625 0.4131944444444444 0.465234375 0.41805555555555557 0.4734375 0.4173611111111111 0.48046875 0.39652777777777776 0.48125 0.36736111111111114
1 0.45703125 0.36875 0.4484375 0.3284722222222222 0.4515625 0.2965277777777778 0.448046875 0.28888888888888886 0.442578125 0.28888888888888886 0.43828125 0.30069444444444443 0.44296875 0.3284722222222222 0.43515625 0.3576388888888889 0.434375 0.38125 0.4390625 0.4076388888888889 0.4484375 0.41180555555555554 0.45625 0.38680555555555557 0.45703125 0.36875
1 0.534375 0.3923611111111111 0.5234375 0.34930555555555554 0.52734375 0.3090277777777778 0.518359375 0.3013888888888889 0.5125 0.31319444444444444 0.515625 0.34930555555555554 0.50859375 0.3770833333333333 0.5078125 0.3951388888888889 0.5140625 0.42986111111111114 0.5234375 0.42986111111111114 0.53359375 0.40625 0.534375 0.3923611111111111
1 0.5640625 0.3951388888888889 0.5640625 0.3784722222222222 0.55546875 0.3423611111111111 0.5578125 0.31180555555555556 0.552734375 0.29583333333333334 0.54453125 0.30625 0.54765625 0.33958333333333335 0.5390625 0.3798611111111111 0.5453125 0.4215277777777778 0.5515625 0.42291666666666666 0.5578125 0.41875 0.5640625 0.3951388888888889
1 0.59375 0.36736111111111114 0.58515625 0.33541666666666664 0.5875 0.29791666666666666 0.580078125 0.2902777777777778 0.575 0.29930555555555555 0.57734375 0.33541666666666664 0.57109375 0.36319444444444443 0.5703125 0.3854166666666667 0.5765625 0.41597222222222224 0.58515625 0.41597222222222224 0.59140625 0.40208333333333335 0.59375 0.36736111111111114
1 0.62421875 0.3645833333333333 0.61640625 0.3284722222222222 0.61875 0.2923611111111111 0.616796875 0.2861111111111111 0.611328125 0.2847222222222222 0.60625 0.29375 0.609375 0.3284722222222222 0.6015625 0.36319444444444443 0.6015625 0.3784722222222222 0.60703125 0.4076388888888889 0.61640625 0.41041666666666665 0.62109375 0.40347222222222223 0.62421875 0.3645833333333333
1 0.50625 0.33125 0.5078125 0.29375 0.504296875 0.2875 0.498046875 0.2875 0.4953125 0.2923611111111111 0.5 0.3173611111111111 0.49765625 0.3423611111111111 0.50703125 0.38263888888888886 0.51171875 0.36041666666666666 0.50625 0.33125
1 0.5375 0.36736111111111114 0.53203125 0.34097222222222223 0.5265625 0.33541666666666664 0.5296875 0.3326388888888889 0.5328125 0.3020833333333333 0.530078125 0.29305555555555557 0.525390625 0.2902777777777778 0.51953125 0.30069444444444443 0.52578125 0.3215277777777778 0.5234375 0.3506944444444444 0.53203125 0.38263888888888886 0.53046875 0.4131944444444444 0.5375 0.38680555555555557 0.5375 0.36736111111111114
0 0.5 0.7423611111111111 0.5078125 0.7090277777777778 0.50078125 0.6743055555555556 0.490234375 0.6597222222222222 0.477734375 0.6555555555555556 0.461328125 0.6625 0.45390625 0.6756944444444445 0.44921875 0.6881944444444444 0.4484375 0.7118055555555556 0.45078125 0.7298611111111111 0.459765625 0.75 0.472265625 0.7625 0.48125 0.7618055555555555 0.492578125 0.7541666666666667 0.5 0.7423611111111111
1 0.29765625 0.36319444444444443 0.290625 0.33125 0.2921875 0.2965277777777778 0.288671875 0.2902777777777778 0.283203125 0.2902777777777778 0.27890625 0.29791666666666666 0.28203125 0.3326388888888889 0.275 0.3576388888888889 0.27421875 0.3854166666666667 0.280859375 0.4125 0.29140625 0.4131944444444444 0.296875 0.3909722222222222 0.29765625 0.36319444444444443
1 0.26328125 0.4076388888888889 0.26640625 0.37430555555555556 0.25703125 0.33541666666666664 0.26015625 0.3229166666666667 0.26015625 0.30069444444444443 0.251953125 0.29444444444444445 0.24609375 0.3034722222222222 0.24609375 0.32569444444444445 0.25 0.33541666666666664 0.2421875 0.3645833333333333 0.24140625 0.3923611111111111 0.2453125 0.41458333333333336 0.25546875 0.4201388888888889 0.258984375 0.41944444444444445 0.26328125 0.4076388888888889
1 0.23125 0.3840277777777778 0.22421875 0.3451388888888889 0.2265625 0.3076388888888889 0.219140625 0.3 0.2109375 0.3104166666666667 0.2140625 0.34930555555555554 0.20859375 0.3701388888888889 0.20859375 0.40625 0.212109375 0.4236111111111111 0.225 0.42569444444444443 0.23046875 0.41041666666666665 0.23125 0.3840277777777778
1 0.19765625 0.3854166666666667 0.18984375 0.34930555555555554 0.19296875 0.31319444444444444 0.186328125 0.3055555555555556 0.180859375 0.30694444444444446 0.1765625 0.32013888888888886 0.1828125 0.3451388888888889 0.17578125 0.3701388888888889 0.17578125 0.41180555555555554 0.182421875 0.43194444444444446 0.18984375 0.4326388888888889 0.19609375 0.4173611111111111 0.19765625 0.3854166666666667
1 0.17421875 0.4131944444444444 0.175 0.37569444444444444 0.16796875 0.34375 0.16875 0.30625 0.160546875 0.3013888888888889 0.15390625 0.3104166666666667 0.15703125 0.34652777777777777 0.1515625 0.36875 0.1515625 0.40625 0.157421875 0.4263888888888889 0.165625 0.4270833333333333 0.169140625 0.4263888888888889 0.17421875 0.4131944444444444
1 0.1515625 0.35625 0.146875 0.3423611111111111 0.1484375 0.3020833333333333 0.139453125 0.29583333333333334 0.1328125 0.3034722222222222 0.1359375 0.3423611111111111 0.13046875 0.36875 0.13046875 0.40208333333333335 0.133984375 0.41944444444444445 0.14453125 0.4215277777777778 0.1515625 0.41180555555555554 0.1515625 0.35625
1 0.13046875 0.35625 0.12421875 0.3284722222222222 0.12734375 0.29791666666666666 0.124609375 0.2916666666666667 0.115234375 0.2916666666666667 0.1125 0.29791666666666666 0.11484375 0.33541666666666664 0.1078125 0.3854166666666667 0.11328125 0.41180555555555554 0.12421875 0.41458333333333336 0.1296875 0.40347222222222223 0.13046875 0.35625
1 0.20859375 0.39375 0.20859375 0.3590277777777778 0.2046875 0.3423611111111111 0.20546875 0.30486111111111114 0.201171875 0.29583333333333334 0.194140625 0.29583333333333334 0.18984375 0.3076388888888889 0.19296875 0.3229166666666667 0.19140625 0.35625 0.196875 0.3798611111111111 0.19609375 0.41875 0.2015625 0.4201388888888889 0.20703125 0.41180555555555554 0.20859375 0.39375
1 0.2421875 0.36319444444444443 0.23671875 0.33541666666666664 0.23828125 0.29930555555555555 0.236328125 0.29305555555555557 0.230078125 0.2902777777777778 0.22421875 0.2951388888888889 0.2265625 0.31180555555555556 0.225 0.34930555555555554 0.23125 0.38263888888888886 0.23046875 0.4131944444444444 0.2359375 0.4131944444444444 0.240625 0.3951388888888889 0.2421875 0.36319444444444443
1 0.17734375 0.33541666666666664 0.17734375 0.31875 0.18203125 0.2965277777777778 0.173046875 0.2902777777777778 0.1671875 0.29930555555555555 0.17109375 0.33541666666666664 0.16875 0.34791666666666665 0.173046875 0.3611111111111111 0.17734375 0.36041666666666666 0.1828125 0.3423611111111111 0.17734375 0.33541666666666664