1 0.82421875 0.6368055555555555 0.83359375 0.5659722222222222 0.834375 0.5340277777777778 0.82890625 0.48680555555555555 0.815625 0.4340277777777778 0.8203125 0.32708333333333334 0.816796875 0.32083333333333336 0.788671875 0.32083333333333336 0.78671875 0.35208333333333336 0.7921875 0.4326388888888889 0.784375 0.45069444444444445 0.77421875 0.4951388888888889 0.771875 0.5618055555555556 0.78671875 0.6451388888888889 0.791015625 0.6513888888888889 0.80703125 0.6520833333333333 0.816015625 0.65 0.82421875 0.6368055555555555
1 0.74765625 0.5381944444444444 0.74375 0.5090277777777777 0.72734375 0.4465277777777778 0.7328125 0.33402777777777776 0.726953125 0.32083333333333336 0.705078125 0.32083333333333336 0.7 0.33125 0.6984375 0.35347222222222224 0.70078125 0.3854166666666667 0.70546875 0.4048611111111111 0.70546875 0.4465277777777778 0.6859375 0.5159722222222223 0.6828125 0.54375 0.68359375 0.5854166666666667 0.69921875 0.6645833333333333 0.702734375 0.6708333333333333 0.73046875 0.6701388888888888 0.74609375 0.5923611111111111 0.74765625 0.5381944444444444
1 0.3515625 0.5965277777777778 0.35703125 0.5506944444444445 0.35703125 0.5034722222222222 0.33984375 0.4270833333333333 0.3421875 0.3284722222222222 0.310546875 0.3263888888888889 0.30625 0.33125 0.30625 0.34791666666666665 0.3140625 0.4270833333333333 0.30859375 0.43819444444444444 0.2953125 0.49375 0.2921875 0.5173611111111112 0.2921875 0.5590277777777778 0.30703125 0.6423611111111112 0.312890625 0.65 0.33125 0.6506944444444445 0.340625 0.6409722222222223 0.3515625 0.5965277777777778
1 0.4109375 0.65625 0.42421875 0.5993055555555555 0.42734375 0.5645833333333333 0.425 0.5173611111111112 0.40546875 0.4423611111111111 0.40546875 0.40347222222222223 0.4109375 0.3715277777777778 0.41171875 0.3423611111111111 0.41015625 0.3298611111111111 0.404296875 0.325 0.380859375 0.3263888888888889 0.375 0.33402777777777776 0.375 0.3645833333333333 0.38203125 0.41875 0.38203125 0.4423611111111111 0.36484375 0.5034722222222222 0.36015625 0.5506944444444445 0.36640625 0.6215277777777778 0.37421875 0.6576388888888889 0.381640625 0.6680555555555555 0.39375 0.6673611111111111 0.403515625 0.6666666666666666 0.4109375 0.65625
1 0.4796875 0.6743055555555556 0.48984375 0.6395833333333333 0.49453125 0.6090277777777777 0.49140625 0.55625 0.4859375 0.5520833333333334 0.48828125 0.54375 0.478125 0.54375 0.4796875 0.48819444444444443 0.475 0.4423611111111111 0.4796875 0.40208333333333335 0.47890625 0.3576388888888889 0.47578125 0.3368055555555556 0.468359375 0.3277777777777778 0.455859375 0.33055555555555555 0.44765625 0.34791666666666665 0.446875 0.3840277777777778 0.453125 0.46041666666666664 0.4359375 0.5243055555555556 0.43203125 0.5590277777777778 0.43203125 0.59375 0.43671875 0.6354166666666666 0.4453125 0.6770833333333334 0.4546875 0.6854166666666667 0.465234375 0.6847222222222222 0.4796875 0.6743055555555556
1 0.5390625 0.68125 0.540625 0.6229166666666667 0.559375 0.5631944444444444 0.55078125 0.5284722222222222 0.5515625 0.50625 0.546875 0.4618055555555556 0.553125 0.3784722222222222 0.54921875 0.3576388888888889 0.543359375 0.3472222222222222 0.529296875 0.34444444444444444 0.52109375 0.35625 0.51796875 0.3729166666666667 0.52421875 0.47708333333333336 0.50703125 0.5493055555555556 0.50390625 0.6201388888888889 0.51796875 0.6979166666666666 0.522265625 0.7041666666666667 0.53984375 0.7034722222222223 0.54296875 0.6993055555555555 0.5390625 0.68125
1 0.65546875 0.5381944444444444 0.63828125 0.46597222222222223 0.6375 0.43819444444444444 0.64296875 0.3590277777777778 0.637109375 0.3375 0.622265625 0.3277777777777778 0.6140625 0.33541666666666664 0.60859375 0.35625 0.61484375 0.46319444444444446 0.5953125 0.54375 0.618359375 0.5527777777777778 0.636328125 0.5708333333333333 0.65546875 0.6159722222222223 0.65859375 0.58125 0.65546875 0.5381944444444444
1 0.67421875 0.5215277777777778 0.65546875 0.42986111111111114 0.659375 0.33125 0.655859375 0.32222222222222224 0.631640625 0.32222222222222224 0.62578125 0.3284722222222222 0.633984375 0.3333333333333333 0.64296875 0.3576388888888889 0.6390625 0.46319444444444446 0.65703125 0.5423611111111111 0.66328125 0.6201388888888889 0.67265625 0.5701388888888889 0.67421875 0.5215277777777778
1 0.58125 0.5006944444444444 0.565625 0.4423611111111111 0.57109375 0.33958333333333335 0.566796875 0.325 0.543359375 0.3236111111111111 0.5390625 0.3284722222222222 0.53671875 0.3423611111111111 0.54921875 0.3590277777777778 0.553125 0.38263888888888886 0.546875 0.45902777777777776 0.5515625 0.49930555555555556 0.55 0.5256944444444445 0.55625 0.5534722222222223 0.565625 0.5631944444444444 0.58671875 0.5465277777777777 0.58125 0.5006944444444444
1 0.5046875 0.5576388888888889 0.5125 0.5104166666666666 0.50859375 0.4798611111111111 0.4921875 0.4215277777777778 0.4921875 0.39375 0.50078125 0.32708333333333334 0.473828125 0.325 0.46796875 0.3284722222222222 0.475 0.33819444444444446 0.478125 0.3576388888888889 0.47890625 0.40902777777777777 0.475 0.43680555555555556 0.478125 0.48819444444444443 0.46640625 0.4965277777777778 0.465625 0.51875 0.4703125 0.5368055555555555 0.479296875 0.5513888888888889 0.490625 0.5534722222222223 0.4921875 0.6145833333333334 0.49453125 0.6159722222222223 0.5015625 0.6006944444444444 0.5046875 0.5576388888888889
0 0.64609375 0.7145833333333333 0.65390625 0.6881944444444444 0.6578125 0.6534722222222222 0.65078125 0.6048611111111111 0.634765625 0.5694444444444444 0.616015625 0.5513888888888889 0.594921875 0.5472222222222223 0.576171875 0.5569444444444445 0.55390625 0.5826388888888889 0.54140625 0.6229166666666667 0.53984375 0.6770833333333334 0.546875 0.70625 0.563671875 0.7361111111111112 0.583984375 0.7541666666666667 0.6046875 0.75625 0.629296875 0.7416666666666667 0.64609375 0.7145833333333333