1 0.5166666666666667 0.8273148148148148 0.5223958333333333 0.7893518518518519 0.5223958333333333 0.7578703703703704 0.5088541666666667 0.6986111111111111 0.5083333333333333 0.6662037037037037 0.5109375 0.6486111111111111 0.5114583333333333 0.6236111111111111 0.5075520833333333 0.6101851851851852 0.49765625 0.6027777777777777 0.4940104166666667 0.6055555555555555 0.48854166666666665 0.6189814814814815 0.49114583333333334 0.6967592592592593 0.48072916666666665 0.7439814814814815 0.478125 0.7810185185185186 0.4822916666666667 0.8162037037037037 0.48854166666666665 0.8458333333333333 0.4940104166666667 0.8537037037037037 0.5026041666666666 0.8550925925925926 0.5109375 0.8495370370370371 0.5166666666666667 0.8273148148148148
1 0.4041666666666667 0.7319444444444444 0.40729166666666666 0.6763888888888889 0.4005208333333333 0.6439814814814815 0.40208333333333335 0.5930555555555556 0.3971354166666667 0.5805555555555556 0.39140625 0.5805555555555556 0.3859375 0.5930555555555556 0.3880208333333333 0.6486111111111111 0.384375 0.6550925925925926 0.3802083333333333 0.674537037037037 0.37864583333333335 0.7050925925925926 0.3859375 0.7430555555555556 0.3888020833333333 0.7462962962962963 0.39739583333333334 0.7458333333333333 0.4005208333333333 0.7439814814814815 0.4041666666666667 0.7319444444444444
1 0.43072916666666666 0.763425925925926 0.4348958333333333 0.7430555555555556 0.43802083333333336 0.7032407407407407 0.428125 0.6578703703703703 0.43020833333333336 0.5976851851851852 0.42473958333333334 0.587037037037037 0.41901041666666666 0.5861111111111111 0.41354166666666664 0.5930555555555556 0.4119791666666667 0.5995370370370371 0.41354166666666664 0.6578703703703703 0.40677083333333336 0.6865740740740741 0.40520833333333334 0.7356481481481482 0.4114583333333333 0.7680555555555556 0.4153645833333333 0.7731481481481481 0.42135416666666664 0.7736111111111111 0.42734375 0.7712962962962963 0.43072916666666666 0.763425925925926
1 0.4708333333333333 0.7671296296296296 0.47291666666666665 0.7384259259259259 0.46979166666666666 0.711574074074074 0.4625 0.6763888888888889 0.4640625 0.6087962962962963 0.46067708333333335 0.5972222222222222 0.45390625 0.5935185185185186 0.44869791666666664 0.5962962962962963 0.44427083333333334 0.6069444444444444 0.44635416666666666 0.6763888888888889 0.43802083333333336 0.7106481481481481 0.4354166666666667 0.7467592592592592 0.44479166666666664 0.8023148148148148 0.4513020833333333 0.8092592592592592 0.4578125 0.8087962962962963 0.46458333333333335 0.8023148148148148 0.4708333333333333 0.7671296296296296
1 0.5651041666666666 0.7958333333333333 0.5703125 0.7652777777777777 0.5723958333333333 0.7375 0.5703125 0.711574074074074 0.5640625 0.6912037037037037 0.5604166666666667 0.6671296296296296 0.5630208333333333 0.6106481481481482 0.5604166666666667 0.5995370370370371 0.5528645833333333 0.5925925925925926 0.5481770833333334 0.5944444444444444 0.5432291666666667 0.6078703703703704 0.5447916666666667 0.6708333333333333 0.5338541666666666 0.725462962962963 0.5338541666666666 0.7421296296296296 0.5364583333333334 0.7689814814814815 0.54375 0.8013888888888889 0.5466145833333333 0.8055555555555556 0.5536458333333333 0.8069444444444445 0.5622395833333333 0.8037037037037037 0.5651041666666666 0.7958333333333333
1 0.6005208333333333 0.7550925925925925 0.6046875 0.7236111111111111 0.6046875 0.7087962962962963 0.6020833333333333 0.6810185185185185 0.5953125 0.6523148148148148 0.596875 0.5976851851851852 0.5924479166666666 0.587037037037037 0.5861979166666667 0.5842592592592593 0.5791666666666667 0.5930555555555556 0.578125 0.5995370370370371 0.5807291666666666 0.6532407407407408 0.5796875 0.6662037037037037 0.571875 0.6967592592592593 0.571875 0.7180555555555556 0.5739583333333333 0.7384259259259259 0.5802083333333333 0.7671296296296296 0.5846354166666666 0.7722222222222223 0.5927083333333333 0.7717592592592593 0.596875 0.7680555555555556 0.6005208333333333 0.7550925925925925
1 0.628125 0.725462962962963 0.6302083333333334 0.6819444444444445 0.621875 0.6430555555555556 0.6223958333333334 0.5856481481481481 0.6169270833333333 0.5777777777777777 0.6122395833333333 0.5777777777777777 0.6067708333333334 0.5912037037037037 0.6088541666666667 0.6421296296296296 0.6020833333333333 0.6699074074074074 0.6020833333333333 0.6800925925925926 0.60625 0.7337962962962963 0.6122395833333333 0.7435185185185185 0.61875 0.7439814814814815 0.6244791666666667 0.7393518518518518 0.628125 0.725462962962963
1 0.48333333333333334 0.6837962962962963 0.47552083333333334 0.649537037037037 0.4765625 0.5912037037037037 0.47213541666666664 0.5805555555555556 0.4669270833333333 0.5796296296296296 0.46041666666666664 0.5912037037037037 0.46510416666666665 0.6189814814814815 0.46145833333333336 0.6625 0.4703125 0.711574074074074 0.47239583333333335 0.7384259259259259 0.475 0.7421296296296296 0.4817708333333333 0.7171296296296297 0.48333333333333334 0.6837962962962963
1 0.5427083333333333 0.6171296296296296 0.5442708333333334 0.6023148148148149 0.5489583333333333 0.5930555555555556 0.5489583333333333 0.586574074074074 0.54296875 0.5787037037037037 0.53671875 0.5814814814814815 0.5338541666666666 0.5893518518518519 0.5348958333333333 0.6458333333333334 0.5270833333333333 0.6875 0.5291666666666667 0.7180555555555556 0.5338541666666666 0.7291666666666666 0.5458333333333333 0.6625 0.5427083333333333 0.6171296296296296
1 0.1640625 0.7421296296296296 0.1703125 0.6902777777777778 0.16822916666666668 0.6699074074074074 0.16354166666666667 0.6625 0.16614583333333333 0.6050925925925926 0.1640625 0.5939814814814814 0.15859375 0.5879629629629629 0.14869791666666668 0.5925925925925926 0.14427083333333332 0.6013888888888889 0.14583333333333334 0.6625 0.1375 0.6912037037037037 0.134375 0.7171296296296297 0.13697916666666668 0.7439814814814815 0.14322916666666666 0.7699074074074074 0.14557291666666666 0.7731481481481481 0.15364583333333334 0.7736111111111111 0.1578125 0.7689814814814815 0.1640625 0.7421296296296296
1 0.06822916666666666 0.7986111111111112 0.075 0.7671296296296296 0.07708333333333334 0.7402777777777778 0.07447916666666667 0.7097222222222223 0.06510416666666667 0.6791666666666667 0.06666666666666667 0.6125 0.06510416666666667 0.6060185185185185 0.06015625 0.6 0.05390625 0.600925925925926 0.04375 0.6208333333333333 0.04583333333333333 0.6791666666666667 0.036458333333333336 0.711574074074074 0.03177083333333333 0.7384259259259259 0.03177083333333333 0.7606481481481482 0.04010416666666667 0.799537037037037 0.04348958333333333 0.8064814814814815 0.05364583333333333 0.8078703703703703 0.06328125 0.8046296296296296 0.06822916666666666 0.7986111111111112
1 0.08541666666666667 0.7662037037037037 0.09270833333333334 0.7412037037037037 0.09375 0.725462962962963 0.090625 0.6828703703703703 0.084375 0.6625 0.08489583333333334 0.5986111111111111 0.07994791666666666 0.5898148148148148 0.07161458333333333 0.5916666666666667 0.06614583333333333 0.600462962962963 0.06770833333333333 0.6393518518518518 0.065625 0.6782407407407407 0.07708333333333334 0.7245370370370371 0.07708333333333334 0.7476851851851852 0.07395833333333333 0.7662037037037037 0.07552083333333333 0.7717592592592593 0.08255208333333333 0.7703703703703704 0.08541666666666667 0.7662037037037037
1 0.10625 0.7106481481481481 0.10729166666666666 0.6819444444444445 0.09791666666666667 0.6421296296296296 0.09947916666666666 0.5930555555555556 0.09401041666666667 0.5851851851851851 0.08880208333333334 0.5842592592592593 0.08333333333333333 0.5930555555555556 0.08541666666666667 0.5995370370370371 0.08385416666666666 0.6569444444444444 0.09322916666666667 0.7013888888888888 0.09375 0.7245370370370371 0.09166666666666666 0.7402777777777778 0.09296875 0.7435185185185185 0.09791666666666667 0.7430555555555556 0.10104166666666667 0.736574074074074 0.10625 0.7106481481481481