1 0.4942708333333333 0.799537037037037 0.5015625 0.7532407407407408 0.5020833333333333 0.7273148148148149 0.4979166666666667 0.6949074074074074 0.4875 0.6587962962962963 0.490625 0.5773148148148148 0.48359375 0.5657407407407408 0.47421875 0.5657407407407408 0.46927083333333336 0.5726851851851852 0.4666666666666667 0.5856481481481481 0.46979166666666666 0.6467592592592593 0.46770833333333334 0.6699074074074074 0.45729166666666665 0.7208333333333333 0.45677083333333335 0.7523148148148148 0.4671875 0.8125 0.47317708333333336 0.8185185185185185 0.4828125 0.8189814814814815 0.48932291666666666 0.8148148148148148 0.4942708333333333 0.799537037037037
1 0.45208333333333334 0.6967592592592593 0.44947916666666665 0.6699074074074074 0.44114583333333335 0.6347222222222222 0.4427083333333333 0.5717592592592593 0.43776041666666665 0.5564814814814815 0.43046875 0.5546296296296296 0.42734375 0.5564814814814815 0.42291666666666666 0.5680555555555555 0.4234375 0.5939814814814814 0.42552083333333335 0.600462962962963 0.42552083333333335 0.6337962962962963 0.41458333333333336 0.6819444444444445 0.41354166666666664 0.7106481481481481 0.4234375 0.7680555555555556 0.42942708333333335 0.7731481481481481 0.43697916666666664 0.7726851851851851 0.4453125 0.7587962962962963 0.45208333333333334 0.6967592592592593
1 0.4088541666666667 0.7171296296296297 0.4140625 0.6689814814814815 0.4125 0.6523148148148148 0.4041666666666667 0.6180555555555556 0.40572916666666664 0.5569444444444445 0.40130208333333334 0.5462962962962963 0.39557291666666666 0.5444444444444444 0.3919270833333333 0.5462962962962963 0.3875 0.5560185185185185 0.3890625 0.6152777777777778 0.38177083333333334 0.6550925925925926 0.3802083333333333 0.6884259259259259 0.38229166666666664 0.7078703703703704 0.3880208333333333 0.7319444444444444 0.4010416666666667 0.7337962962962963 0.40520833333333334 0.7300925925925926 0.4088541666666667 0.7171296296296297
1 0.38333333333333336 0.6393518518518518 0.38177083333333334 0.625462962962963 0.37552083333333336 0.6069444444444444 0.3770833333333333 0.5504629629629629 0.3731770833333333 0.5398148148148149 0.36744791666666665 0.537962962962963 0.36380208333333336 0.5398148148148149 0.36041666666666666 0.549537037037037 0.3619791666666667 0.6041666666666666 0.3546875 0.6375 0.3541666666666667 0.663425925925926 0.36041666666666666 0.700462962962963 0.36380208333333336 0.7055555555555556 0.37395833333333334 0.7050925925925926 0.37864583333333335 0.6976851851851852 0.38333333333333336 0.6393518518518518
1 0.5494791666666666 0.7328703703703704 0.5515625 0.6921296296296297 0.5401041666666667 0.6356481481481482 0.5416666666666666 0.5643518518518519 0.5361979166666667 0.5546296296296296 0.5294270833333333 0.5527777777777778 0.5223958333333333 0.5643518518518519 0.525 0.6337962962962963 0.5140625 0.6791666666666667 0.5130208333333334 0.7143518518518519 0.521875 0.763425925925926 0.52734375 0.7703703703703704 0.5359375 0.7708333333333334 0.5427083333333333 0.7643518518518518 0.5494791666666666 0.7328703703703704
1 0.58125 0.7041666666666667 0.5828125 0.6699074074074074 0.5807291666666666 0.6421296296296296 0.5744791666666667 0.6199074074074075 0.5755208333333334 0.5550925925925926 0.5705729166666667 0.5453703703703704 0.56484375 0.5435185185185185 0.5598958333333334 0.5486111111111112 0.5572916666666666 0.5597222222222222 0.5598958333333334 0.6143518518518518 0.5515625 0.6504629629629629 0.5505208333333333 0.6763888888888889 0.5526041666666667 0.7013888888888888 0.5583333333333333 0.7263888888888889 0.5627604166666667 0.7324074074074074 0.5713541666666667 0.7328703703703704 0.5765625 0.7263888888888889 0.58125 0.7041666666666667
1 0.6083333333333333 0.674537037037037 0.6098958333333333 0.6458333333333334 0.6083333333333333 0.6263888888888889 0.6020833333333333 0.6069444444444444 0.603125 0.549537037037037 0.5997395833333333 0.5398148148148149 0.5955729166666667 0.5370370370370371 0.58984375 0.5407407407407407 0.5875 0.5467592592592593 0.5890625 0.5902777777777778 0.5875 0.6078703703703704 0.58125 0.6347222222222222 0.58125 0.6467592592592593 0.5859375 0.6921296296296297 0.5924479166666666 0.7027777777777777 0.6 0.7023148148148148 0.6046875 0.6939814814814815 0.6083333333333333 0.674537037037037
1 0.5255208333333333 0.6171296296296296 0.5213541666666667 0.5736111111111111 0.5223958333333333 0.5643518518518519 0.5291666666666667 0.5523148148148148 0.5291666666666667 0.5476851851851852 0.5236979166666667 0.537962962962963 0.51640625 0.5398148148148149 0.5130208333333334 0.5486111111111112 0.5145833333333333 0.5986111111111111 0.5067708333333333 0.6337962962962963 0.5057291666666667 0.6504629629629629 0.5078125 0.6763888888888889 0.51015625 0.6842592592592592 0.5125 0.6837962962962963 0.525 0.6347222222222222 0.5255208333333333 0.6171296296296296
1 0.45677083333333335 0.6884259259259259 0.4609375 0.6486111111111111 0.459375 0.6300925925925925 0.45208333333333334 0.6013888888888889 0.45416666666666666 0.5504629629629629 0.45026041666666666 0.5398148148148149 0.4434895833333333 0.537962962962963 0.4375 0.5504629629629629 0.4427083333333333 0.5671296296296297 0.44375 0.5791666666666667 0.440625 0.6282407407407408 0.4432291666666667 0.6476851851851851 0.44947916666666665 0.6708333333333333 0.45208333333333334 0.6949074074074074 0.4549479166666667 0.6944444444444444 0.45677083333333335 0.6884259259259259
1 0 0.774537037037037 0.008854166666666666 0.774537037037037 0.022916666666666665 0.7662037037037037 0.030729166666666665 0.7319444444444444 0.0328125 0.6958333333333333 0.0296875 0.6754629629629629 0.017708333333333333 0.6421296296296296 0.016666666666666666 0.6125 0.019791666666666666 0.5893518518518519 0.01875 0.5662037037037037 0.012760416666666666 0.5574074074074075 0.00390625 0.5555555555555556 0 0.5587962962962963 0 0.774537037037037
1 0.046875 0.7189814814814814 0.05 0.7041666666666667 0.0515625 0.6763888888888889 0.046875 0.6393518518518518 0.03958333333333333 0.6143518518518518 0.04010416666666667 0.5550925925925926 0.03723958333333333 0.5481481481481482 0.027864583333333335 0.5453703703703704 0.01875 0.5578703703703703 0.021354166666666667 0.6189814814814815 0.018229166666666668 0.6421296296296296 0.030729166666666665 0.6810185185185185 0.0328125 0.7078703703703704 0.030208333333333334 0.7319444444444444 0.0359375 0.7356481481481482 0.04192708333333333 0.7324074074074074 0.046875 0.7189814814814814
1 0.06458333333333334 0.6782407407407407 0.06666666666666667 0.6421296296296296 0.05572916666666667 0.6013888888888889 0.05677083333333333 0.549537037037037 0.05130208333333333 0.5407407407407407 0.045572916666666664 0.5398148148148149 0.03984375 0.5435185185185185 0.03854166666666667 0.549537037037037 0.040625 0.5708333333333333 0.04010416666666667 0.6152777777777778 0.04583333333333333 0.6356481481481482 0.050520833333333334 0.6662037037037037 0.05 0.7041666666666667 0.0546875 0.7050925925925926 0.0609375 0.6958333333333333 0.06458333333333334 0.6782407407407407
1 0.121875 0.7134259259259259 0.13072916666666667 0.6550925925925926 0.13072916666666667 0.6412037037037037 0.12447916666666667 0.6180555555555556 0.12708333333333333 0.5662037037037037 0.12213541666666666 0.5462962962962963 0.11119791666666666 0.5472222222222223 0.10416666666666667 0.5569444444444445 0.1078125 0.6208333333333333 0.09947916666666666 0.6467592592592593 0.09583333333333334 0.6671296296296296 0.09635416666666667 0.6967592592592593 0.1015625 0.7208333333333333 0.10598958333333333 0.7351851851851852 0.11510416666666666 0.736574074074074 0.1171875 0.7347222222222223 0.121875 0.7134259259259259