1 0.3890625 0.5236111111111111 0.3890625 0.500462962962963 0.3828125 0.4634259259259259 0.38177083333333334 0.4273148148148148 0.37734375 0.4203703703703704 0.37265625 0.4203703703703704 0.3697916666666667 0.4263888888888889 0.3723958333333333 0.4699074074074074 0.36770833333333336 0.4875 0.36770833333333336 0.5060185185185185 0.3734375 0.5375 0.37786458333333334 0.5425925925925926 0.3828125 0.5421296296296296 0.38645833333333335 0.5365740740740741 0.3890625 0.5236111111111111
1 0.315625 0.4791666666666667 0.3072916666666667 0.4449074074074074 0.3072916666666667 0.41064814814814815 0.30546875 0.4046296296296296 0.30130208333333336 0.40185185185185185 0.296875 0.4078703703703704 0.2984375 0.4476851851851852 0.29375 0.46620370370370373 0.29270833333333335 0.4847222222222222 0.2989583333333333 0.5171296296296296 0.30182291666666666 0.5212962962962963 0.3078125 0.5208333333333334 0.31197916666666664 0.5152777777777777 0.315625 0.4791666666666667
1 0.28541666666666665 0.4949074074074074 0.2864583333333333 0.4708333333333333 0.278125 0.43287037037037035 0.2786458333333333 0.4041666666666667 0.27708333333333335 0.3976851851851852 0.27317708333333335 0.39444444444444443 0.27057291666666666 0.39537037037037037 0.2677083333333333 0.4041666666666667 0.26927083333333335 0.4393518518518518 0.26458333333333334 0.4587962962962963 0.2635416666666667 0.475462962962963 0.2708333333333333 0.5115740740740741 0.2791666666666667 0.5125 0.2828125 0.5078703703703704 0.28541666666666665 0.4949074074074074
1 0.3385416666666667 0.47453703703703703 0.334375 0.45416666666666666 0.33541666666666664 0.41898148148148145 0.3338541666666667 0.4115740740740741 0.3294270833333333 0.4083333333333333 0.32447916666666665 0.4162037037037037 0.3255208333333333 0.45416666666666666 0.31979166666666664 0.47824074074074074 0.31927083333333334 0.49675925925925923 0.325 0.5254629629629629 0.32838541666666665 0.5296296296296297 0.334375 0.5291666666666667 0.33645833333333336 0.524537037037037 0.3385416666666667 0.47453703703703703
1 0.359375 0.4976851851851852 0.35625 0.4671296296296296 0.35885416666666664 0.4236111111111111 0.35390625 0.4148148148148148 0.3497395833333333 0.41574074074074074 0.346875 0.42083333333333334 0.3458333333333333 0.4587962962962963 0.3390625 0.47638888888888886 0.33645833333333336 0.5032407407407408 0.3390625 0.5300925925925926 0.3419270833333333 0.5342592592592592 0.34791666666666665 0.5337962962962963 0.3536458333333333 0.5217592592592593 0.359375 0.4976851851851852
1 0.44479166666666664 0.5439814814814815 0.4479166666666667 0.5087962962962963 0.44114583333333335 0.47453703703703703 0.44114583333333335 0.4356481481481482 0.43411458333333336 0.42592592592592593 0.42864583333333334 0.4337962962962963 0.43072916666666666 0.4810185185185185 0.4265625 0.5032407407407408 0.4265625 0.5199074074074074 0.43333333333333335 0.5513888888888889 0.4401041666666667 0.5541666666666667 0.4432291666666667 0.5513888888888889 0.44479166666666664 0.5439814814814815
1 0.49166666666666664 0.4671296296296296 0.4869791666666667 0.44675925925925924 0.4895833333333333 0.42453703703703705 0.48776041666666664 0.4185185185185185 0.48098958333333336 0.4148148148148148 0.4765625 0.42453703703703705 0.478125 0.4550925925925926 0.4734375 0.48194444444444445 0.4869791666666667 0.49212962962962964 0.49166666666666664 0.4828703703703704 0.49166666666666664 0.4671296296296296
1 0.4703125 0.4810185185185185 0.46979166666666666 0.4671296296296296 0.4640625 0.44675925925925924 0.46458333333333335 0.41712962962962963 0.4596354166666667 0.4083333333333333 0.45338541666666665 0.40925925925925927 0.4510416666666667 0.41712962962962963 0.45416666666666666 0.43287037037037035 0.4515625 0.4708333333333333 0.4552083333333333 0.5013888888888889 0.4622395833333333 0.4888888888888889 0.4703125 0.4810185185185185
1 0.4515625 0.4671296296296296 0.4546875 0.43194444444444446 0.4513020833333333 0.42314814814814816 0.44869791666666664 0.42314814814814816 0.4432291666666667 0.43287037037037035 0.4421875 0.47824074074074074 0.4473958333333333 0.5013888888888889 0.4473958333333333 0.5263888888888889 0.4515625 0.5263888888888889 0.45625 0.49675925925925923 0.4515625 0.4671296296296296
1 0.4270833333333333 0.49953703703703706 0.43072916666666666 0.4810185185185185 0.428125 0.45416666666666666 0.42864583333333334 0.4263888888888889 0.4236979166666667 0.4148148148148148 0.41901041666666666 0.4166666666666667 0.415625 0.425462962962963 0.4161458333333333 0.4615740740740741 0.4119791666666667 0.4837962962962963 0.4192708333333333 0.5115740740740741 0.42135416666666664 0.5300925925925926 0.4244791666666667 0.5328703703703703 0.4265625 0.5310185185185186 0.4270833333333333 0.49953703703703706
1 0.3984375 0.5180555555555556 0.4005208333333333 0.49212962962962964 0.39895833333333336 0.4615740740740741 0.4005208333333333 0.4300925925925926 0.39869791666666665 0.42685185185185187 0.39348958333333334 0.42685185185185187 0.3890625 0.43287037037037035 0.3890625 0.45046296296296295 0.3854166666666667 0.475462962962963 0.390625 0.5254629629629629 0.4010416666666667 0.5513888888888889 0.40208333333333335 0.5449074074074074 0.3984375 0.5180555555555556
1 0.4197916666666667 0.5513888888888889 0.4203125 0.5189814814814815 0.40989583333333335 0.48009259259259257 0.40989583333333335 0.44675925925925924 0.40703125 0.4388888888888889 0.40338541666666666 0.4361111111111111 0.4002604166666667 0.43703703703703706 0.3984375 0.4449074074074074 0.4005208333333333 0.475462962962963 0.3984375 0.5254629629629629 0.4046875 0.5587962962962963 0.4075520833333333 0.5638888888888889 0.41302083333333334 0.5643518518518519 0.41822916666666665 0.5597222222222222 0.4197916666666667 0.5513888888888889
1 0.321875 0.43194444444444446 0.31875 0.425462962962963 0.31614583333333335 0.4078703703703704 0.315625 0.38935185185185184 0.3059895833333333 0.37962962962962965 0.303125 0.39305555555555555 0.3078125 0.41712962962962963 0.3067708333333333 0.44027777777777777 0.3140625 0.4699074074074074 0.3140625 0.48194444444444445 0.3182291666666667 0.4875 0.3223958333333333 0.46064814814814814 0.321875 0.43194444444444446
1 0.3729166666666667 0.4634259259259259 0.3692708333333333 0.43472222222222223 0.3703125 0.40879629629629627 0.36744791666666665 0.40185185185185185 0.36380208333333336 0.4 0.35885416666666664 0.4115740740740741 0.36041666666666666 0.4393518518518518 0.3567708333333333 0.4708333333333333 0.36041666666666666 0.4930555555555556 0.3614583333333333 0.5162037037037037 0.36328125 0.5203703703703704 0.36875 0.5199074074074074 0.36770833333333336 0.49212962962962964 0.3729166666666667 0.4634259259259259
0 0.49322916666666666 0.5282407407407408 0.49270833333333336 0.5125 0.4890625 0.49675925925925923 0.48515625 0.4898148148148148 0.4752604166666667 0.48333333333333334 0.46848958333333335 0.4842592592592593 0.46328125 0.487962962962963 0.45677083333333335 0.49953703703703706 0.45416666666666666 0.5069444444444444 0.453125 0.524537037037037 0.45625 0.538425925925926 0.46171875 0.5481481481481482 0.47109375 0.5574074074074075 0.47760416666666666 0.5569444444444445 0.490625 0.5393518518518519 0.49322916666666666 0.5282407407407408
1 0.2578125 0.45787037037037037 0.25 0.425462962962963 0.25 0.3921296296296296 0.24713541666666666 0.387037037037037 0.24296875 0.3861111111111111 0.23958333333333334 0.3912037037037037 0.24166666666666667 0.4310185185185185 0.2375 0.4476851851851852 0.2359375 0.4708333333333333 0.24270833333333333 0.5023148148148148 0.24895833333333334 0.5041666666666667 0.2552083333333333 0.4976851851851852 0.2578125 0.45787037037037037
1 0.2296875 0.48194444444444445 0.23020833333333332 0.44583333333333336 0.22291666666666668 0.4199074074074074 0.22291666666666668 0.38564814814814813 0.22005208333333334 0.37962962962962965 0.21588541666666666 0.3787037037037037 0.2125 0.3875 0.21458333333333332 0.4217592592592593 0.2109375 0.43657407407407406 0.209375 0.4625 0.215625 0.49398148148148147 0.225 0.49583333333333335 0.22760416666666666 0.4930555555555556 0.2296875 0.48194444444444445
1 0.20520833333333333 0.46805555555555556 0.20520833333333333 0.44675925925925924 0.19739583333333333 0.4125 0.19583333333333333 0.3773148148148148 0.19244791666666666 0.37222222222222223 0.18828125 0.37222222222222223 0.18489583333333334 0.38287037037037036 0.1875 0.41435185185185186 0.18333333333333332 0.43657407407407406 0.1828125 0.45787037037037037 0.18854166666666666 0.4847222222222222 0.19088541666666667 0.4888888888888889 0.1984375 0.48842592592592593 0.20104166666666667 0.48564814814814816 0.20520833333333333 0.46805555555555556
1 0.17604166666666668 0.46805555555555556 0.1765625 0.43657407407407406 0.16979166666666667 0.40694444444444444 0.16979166666666667 0.37453703703703706 0.16536458333333334 0.36574074074074076 0.16119791666666666 0.36574074074074076 0.15729166666666666 0.3773148148148148 0.16041666666666668 0.41064814814814815 0.15625 0.43287037037037035 0.15625 0.4550925925925926 0.1609375 0.475462962962963 0.16484375 0.48148148148148145 0.17083333333333334 0.4810185185185185 0.1734375 0.4791666666666667 0.17604166666666668 0.46805555555555556
1 0.14947916666666666 0.42916666666666664 0.14322916666666666 0.4013888888888889 0.14270833333333333 0.3680555555555556 0.14114583333333333 0.36157407407407405 0.13723958333333333 0.3574074074074074 0.13125 0.36527777777777776 0.13385416666666666 0.4041666666666667 0.12916666666666668 0.4263888888888889 0.12864583333333332 0.44212962962962965 0.1296875 0.4513888888888889 0.13307291666666668 0.4583333333333333 0.14140625 0.46944444444444444 0.14583333333333334 0.4689814814814815 0.14895833333333333 0.46064814814814814 0.14947916666666666 0.42916666666666664
1 0.09166666666666666 0.35509259259259257 0.08723958333333333 0.34814814814814815 0.08255208333333333 0.3490740740740741 0.0796875 0.3560185185185185 0.0796875 0.36712962962962964 0.0828125 0.3976851851851852 0.09401041666666667 0.41203703703703703 0.09739583333333333 0.4115740740740741 0.0921875 0.3902777777777778 0.09166666666666666 0.35509259259259257
1 0.1203125 0.39861111111111114 0.12135416666666667 0.3837962962962963 0.11927083333333334 0.36527777777777776 0.11536458333333334 0.35462962962962963 0.11015625 0.3527777777777778 0.10572916666666667 0.36157407407407405 0.1078125 0.3976851851851852 0.10416666666666667 0.4217592592592593 0.10755208333333334 0.42962962962962964 0.12005208333333334 0.4444444444444444 0.12604166666666666 0.4449074074074074 0.12552083333333333 0.41898148148148145 0.1203125 0.39861111111111114
1 0.125 0.3875 0.1234375 0.3476851851851852 0.11953125 0.3416666666666667 0.11432291666666666 0.3416666666666667 0.10989583333333333 0.3560185185185185 0.11432291666666666 0.3574074074074074 0.1171875 0.36527777777777776 0.11770833333333333 0.39861111111111114 0.12395833333333334 0.41898148148148145 0.12552083333333333 0.4449074074074074 0.1296875 0.44583333333333336 0.13125 0.4097222222222222 0.125 0.3875
1 0.18489583333333334 0.41898148148148145 0.17604166666666668 0.38935185185185184 0.17708333333333334 0.36342592592592593 0.17317708333333334 0.35185185185185186 0.16848958333333333 0.3509259259259259 0.16458333333333333 0.3560185185185185 0.1640625 0.36342592592592593 0.17083333333333334 0.37824074074074077 0.16927083333333334 0.40694444444444444 0.17552083333333332 0.42916666666666664 0.17552083333333332 0.4625 0.17760416666666667 0.4652777777777778 0.18229166666666666 0.4597222222222222 0.18489583333333334 0.41898148148148145
1 0.15729166666666666 0.4097222222222222 0.15104166666666666 0.38657407407407407 0.153125 0.3736111111111111 0.15 0.35138888888888886 0.14505208333333333 0.3453703703703704 0.14036458333333332 0.34814814814814815 0.13854166666666667 0.3560185185185185 0.14270833333333333 0.3763888888888889 0.14270833333333333 0.39861111111111114 0.14895833333333333 0.4236111111111111 0.14895833333333333 0.4587962962962963 0.15364583333333334 0.4597222222222222 0.15572916666666667 0.4532407407407407 0.15729166666666666 0.4097222222222222
1 0.15677083333333333 0.3773148148148148 0.15520833333333334 0.34120370370370373 0.15286458333333333 0.3351851851851852 0.14765625 0.33425925925925926 0.14479166666666668 0.3365740740740741 0.1390625 0.3560185185185185 0.14140625 0.36203703703703705 0.14947916666666666 0.36064814814814816 0.14947916666666666 0.37453703703703706 0.14557291666666666 0.37222222222222223 0.14479166666666668 0.3773148148148148 0.14947916666666666 0.37824074074074077 0.15 0.38935185185185184 0.1578125 0.4152777777777778 0.16041666666666668 0.3976851851851852 0.15677083333333333 0.3773148148148148
1 0.2109375 0.41898148148148145 0.20520833333333333 0.39861111111111114 0.2078125 0.3837962962962963 0.20364583333333333 0.36342592592592593 0.20130208333333333 0.35833333333333334 0.19661458333333334 0.35648148148148145 0.1921875 0.36064814814814816 0.19114583333333332 0.3699074074074074 0.19583333333333333 0.3819444444444444 0.19635416666666666 0.4125 0.203125 0.4393518518518518 0.203125 0.4689814814814815 0.2046875 0.4708333333333333 0.20885416666666667 0.4587962962962963 0.2109375 0.41898148148148145
1 0.2375 0.43194444444444446 0.23020833333333332 0.4041666666666667 0.2296875 0.36898148148148147 0.22786458333333334 0.3648148148148148 0.22265625 0.3638888888888889 0.21927083333333333 0.36898148148148147 0.2234375 0.3912037037037037 0.22239583333333332 0.41898148148148145 0.2296875 0.44583333333333336 0.22864583333333333 0.4699074074074074 0.2296875 0.4773148148148148 0.23229166666666667 0.47824074074074074 0.23489583333333333 0.47453703703703703 0.2375 0.43194444444444446
1 0.26510416666666664 0.44675925925925924 0.25729166666666664 0.4097222222222222 0.2598958333333333 0.3976851851851852 0.25677083333333334 0.37824074074074077 0.24921875 0.37037037037037035 0.2453125 0.3763888888888889 0.2453125 0.38472222222222224 0.25052083333333336 0.3958333333333333 0.25 0.4273148148148148 0.25729166666666664 0.46064814814814814 0.2557291666666667 0.4837962962962963 0.2598958333333333 0.48564814814814816 0.2625 0.4791666666666667 0.26510416666666664 0.44675925925925924
1 0.29322916666666665 0.4476851851851852 0.28958333333333336 0.42824074074074076 0.28489583333333335 0.41805555555555557 0.2869791666666667 0.40324074074074073 0.2833333333333333 0.3800925925925926 0.27786458333333336 0.3768518518518518 0.27447916666666666 0.3800925925925926 0.27395833333333336 0.3921296296296296 0.2786458333333333 0.4041666666666667 0.278125 0.4337962962962963 0.28489583333333335 0.46064814814814814 0.2864583333333333 0.47453703703703703 0.28489583333333335 0.49027777777777776 0.2869791666666667 0.4930555555555556 0.2916666666666667 0.47824074074074074 0.29322916666666665 0.4476851851851852
1 0.42526041666666664 0.2675925925925926 0.42109375 0.2675925925925926 0.41770833333333335 0.27361111111111114 0.4171875 0.2847222222222222 0.4276041666666667 0.29398148148148145 0.42864583333333334 0.27361111111111114 0.42526041666666664 0.2675925925925926
1 0.3971354166666667 0.29259259259259257 0.39947916666666666 0.28935185185185186 0.39895833333333336 0.2810185185185185 0.39609375 0.275 0.3919270833333333 0.275 0.38958333333333334 0.2791666666666667 0.3880208333333333 0.2884259259259259 0.3880208333333333 0.29398148148148145 0.38958333333333334 0.29398148148148145 0.3924479166666667 0.2898148148148148 0.3971354166666667 0.29259259259259257
1 0.37135416666666665 0.28564814814814815 0.3684895833333333 0.2814814814814815 0.36380208333333336 0.2814814814814815 0.35989583333333336 0.29305555555555557 0.36484375 0.2953703703703704 0.36666666666666664 0.30694444444444446 0.3703125 0.3087962962962963 0.371875 0.3050925925925926 0.37135416666666665 0.28564814814814815
1 0.33359375 0.28888888888888886 0.3302083333333333 0.29398148148148145 0.32708333333333334 0.30787037037037035 0.3299479166666667 0.31203703703703706 0.33359375 0.3055555555555556 0.3390625 0.32731481481481484 0.3416666666666667 0.3300925925925926 0.3411458333333333 0.2949074074074074 0.33359375 0.28888888888888886
1 0.30911458333333336 0.29814814814814816 0.3033854166666667 0.2962962962962963 0.30052083333333335 0.300462962962963 0.3 0.30787037037037035 0.30625 0.32175925925925924 0.3046875 0.3347222222222222 0.3104166666666667 0.3402777777777778 0.31145833333333334 0.30416666666666664 0.30911458333333336 0.29814814814814816