1 0.97578125 0.7729166666666667 0.96484375 0.71875 0.97109375 0.6631944444444444 0.957421875 0.6472222222222223 0.9453125 0.6604166666666667 0.94609375 0.7145833333333333 0.93125 0.7576388888888889 0.9296875 0.7923611111111111 0.936328125 0.8291666666666667 0.947265625 0.8375 0.959375 0.8381944444444445 0.97265625 0.80625 0.97578125 0.7729166666666667
1 0.87109375 0.74375 0.8703125 0.7201388888888889 0.86171875 0.6770833333333334 0.8671875 0.6340277777777777 0.858984375 0.6208333333333333 0.850390625 0.6236111111111111 0.8484375 0.6298611111111111 0.8484375 0.6840277777777778 0.83828125 0.7090277777777778 0.83515625 0.7354166666666667 0.840625 0.7784722222222222 0.85703125 0.7868055555555555 0.86171875 0.7826388888888889 0.87109375 0.74375
1 0.93046875 0.6909722222222222 0.9359375 0.6409722222222223 0.926171875 0.6236111111111111 0.91328125 0.6381944444444444 0.91484375 0.6840277777777778 0.90078125 0.7284722222222222 0.90546875 0.7798611111111111 0.916015625 0.7888888888888889 0.92578125 0.7895833333333333 0.93828125 0.7354166666666667 0.93046875 0.6909722222222222
1 0.90234375 0.7173611111111111 0.9109375 0.6979166666666666 0.9046875 0.6645833333333333 0.91015625 0.6215277777777778 0.902734375 0.6083333333333333 0.89140625 0.61875 0.89140625 0.6604166666666667 0.8796875 0.6979166666666666 0.884375 0.7451388888888889 0.89921875 0.7534722222222222 0.9015625 0.7493055555555556 0.90234375 0.7173611111111111
1 0.88046875 0.69375 0.88828125 0.6701388888888888 0.884375 0.6451388888888889 0.88828125 0.6131944444444445 0.882421875 0.5972222222222222 0.87421875 0.6020833333333333 0.871875 0.6423611111111112 0.86328125 0.6729166666666667 0.86875 0.7131944444444445 0.871484375 0.7222222222222222 0.8765625 0.7229166666666667 0.88046875 0.7201388888888889 0.88046875 0.69375
1 0.84765625 0.68125 0.8453125 0.6506944444444445 0.84921875 0.6159722222222223 0.841796875 0.6027777777777777 0.835546875 0.6055555555555555 0.8328125 0.6131944444444445 0.82578125 0.7368055555555556 0.828515625 0.7472222222222222 0.83515625 0.7465277777777778 0.83671875 0.7159722222222222 0.84765625 0.68125
1 0.02734375 0.6159722222222223 0.01640625 0.5798611111111112 0.01875 0.5354166666666667 0.008203125 0.5236111111111111 0 0.5340277777777778 0.00234375 0.5743055555555555 0 0.60625 0.0078125 0.6409722222222223 0.00703125 0.6673611111111111 0.01328125 0.6715277777777777 0.02265625 0.65625 0.02734375 0.6159722222222223
1 0.53125 0.7645833333333333 0.53125 0.7423611111111111 0.52265625 0.6979166666666666 0.52578125 0.6326388888888889 0.520703125 0.6166666666666667 0.513671875 0.6166666666666667 0.5078125 0.6284722222222222 0.5078125 0.6965277777777777 0.4953125 0.7479166666666667 0.4953125 0.7798611111111111 0.5015625 0.8159722222222222 0.506640625 0.8236111111111111 0.5171875 0.8229166666666666 0.521875 0.8145833333333333 0.53125 0.7645833333333333
1 0.478125 0.7423611111111111 0.48125 0.6965277777777777 0.47421875 0.65625 0.4765625 0.6131944444444445 0.462890625 0.6097222222222223 0.4578125 0.6215277777777778 0.46015625 0.6618055555555555 0.45546875 0.6701388888888888 0.45 0.7159722222222222 0.45546875 0.7604166666666666 0.461328125 0.7680555555555556 0.46796875 0.7673611111111112 0.4734375 0.7618055555555555 0.478125 0.7423611111111111
1 0.5578125 0.7326388888888888 0.5578125 0.70625 0.5515625 0.6631944444444444 0.5546875 0.6201388888888889 0.550390625 0.6138888888888889 0.53828125 0.6159722222222223 0.53828125 0.6604166666666667 0.52734375 0.7118055555555556 0.5328125 0.7618055555555555 0.536328125 0.7694444444444445 0.54296875 0.7715277777777778 0.55078125 0.7645833333333333 0.5578125 0.7326388888888888
1 0.5796875 0.6840277777777778 0.575 0.6229166666666667 0.573046875 0.6180555555555556 0.565234375 0.6180555555555556 0.55390625 0.6770833333333334 0.55859375 0.7298611111111111 0.5703125 0.7326388888888888 0.57890625 0.7020833333333333 0.5796875 0.6840277777777778
1 0.596875 0.6534722222222222 0.59140625 0.6229166666666667 0.584765625 0.6194444444444445 0.5796875 0.6229166666666667 0.57578125 0.6451388888888889 0.57890625 0.7006944444444444 0.5875 0.7034722222222223 0.59375 0.6854166666666667 0.596875 0.6534722222222222
1 0.4140625 0.6645833333333333 0.41484375 0.6354166666666666 0.41015625 0.6104166666666667 0.399609375 0.6069444444444444 0.390625 0.6381944444444444 0.38984375 0.6618055555555555 0.39375 0.6868055555555556 0.398046875 0.6930555555555555 0.4046875 0.6923611111111111 0.40859375 0.6881944444444444 0.4140625 0.6645833333333333
1 0.44453125 0.6618055555555555 0.4375 0.6284722222222222 0.4375 0.6145833333333334 0.428515625 0.6125 0.4171875 0.6604166666666667 0.41640625 0.6881944444444444 0.421875 0.7201388888888889 0.426953125 0.7263888888888889 0.4328125 0.7256944444444444 0.44140625 0.7034722222222223 0.44453125 0.6618055555555555
1 0.5078125 0.6215277777777778 0.505078125 0.6152777777777778 0.4953125 0.6173611111111111 0.48515625 0.6729166666666667 0.4890625 0.7201388888888889 0.493359375 0.7291666666666666 0.4984375 0.7284722222222222 0.5078125 0.6854166666666667 0.5078125 0.6215277777777778