0 0.4046875 0.45231481481481484 0.40911458333333334 0.44907407407407407 0.42109375 0.4583333333333333 0.4283854166666667 0.45925925925925926 0.4317708333333333 0.449537037037037 0.43072916666666666 0.4310185185185185 0.4276041666666667 0.4152777777777778 0.41744791666666664 0.3972222222222222 0.4044270833333333 0.38796296296296295 0.3966145833333333 0.3888888888888889 0.3890625 0.3976851851851852 0.3890625 0.4050925925925926 0.38645833333333335 0.40879629629629627 0.39010416666666664 0.4263888888888889 0.3859375 0.43194444444444446 0.384375 0.44675925925925924 0.38645833333333335 0.45787037037037037 0.39036458333333335 0.46296296296296297 0.40390625 0.47129629629629627 0.4088541666666667 0.4708333333333333 0.40989583333333335 0.4671296296296296 0.4046875 0.45231481481481484
0 0.28489583333333335 0.7013888888888888 0.296875 0.6837962962962963 0.29401041666666666 0.6759259259259259 0.2908854166666667 0.674074074074074 0.27838541666666666 0.674074074074074 0.27057291666666666 0.6796296296296296 0.26197916666666665 0.6921296296296297 0.2557291666666667 0.7134259259259259 0.2546875 0.7356481481481482 0.25755208333333335 0.7444444444444445 0.2791666666666667 0.750462962962963 0.28125 0.7125 0.28489583333333335 0.7013888888888888
0 0.3145833333333333 0.700462962962963 0.3229166666666667 0.6902777777777778 0.3229166666666667 0.6837962962962963 0.31796875 0.6796296296296296 0.30494791666666665 0.6796296296296296 0.29401041666666666 0.687037037037037 0.28489583333333335 0.7013888888888888 0.28072916666666664 0.7152777777777778 0.2791666666666667 0.736574074074074 0.28203125 0.7537037037037037 0.30520833333333336 0.7578703703703704 0.3072916666666667 0.7208333333333333 0.3145833333333333 0.700462962962963
0 0.36614583333333334 0.7532407407407408 0.365625 0.7226851851851852 0.3619791666666667 0.7106481481481481 0.35390625 0.6962962962962963 0.3450520833333333 0.687037037037037 0.32786458333333335 0.687962962962963 0.3190104166666667 0.6944444444444444 0.3067708333333333 0.7226851851851852 0.30520833333333336 0.7319444444444444 0.30625 0.7578703703703704 0.3111979166666667 0.762962962962963 0.35052083333333334 0.7736111111111111 0.3606770833333333 0.7666666666666667 0.36614583333333334 0.7532407407407408
0 0.30546875 0.8694444444444445 0.3221354166666667 0.8657407407407407 0.33359375 0.8740740740740741 0.3359375 0.8726851851851852 0.33541666666666664 0.8643518518518518 0.32578125 0.8462962962962963 0.31744791666666666 0.8407407407407408 0.30755208333333334 0.8398148148148148 0.2981770833333333 0.8444444444444444 0.28802083333333334 0.8587962962962963 0.28177083333333336 0.8791666666666667 0.28229166666666666 0.9041666666666667 0.2864583333333333 0.9050925925925926 0.2916666666666667 0.8875 0.30546875 0.8694444444444445
0 0.3416666666666667 0.9449074074074074 0.3453125 0.913425925925926 0.340625 0.888425925925926 0.33567708333333335 0.8740740740740741 0.3263020833333333 0.8666666666666667 0.31536458333333334 0.8648148148148148 0.30234375 0.8722222222222222 0.2916666666666667 0.8875 0.2869791666666667 0.9078703703703703 0.2859375 0.9273148148148148 0.290625 0.9495370370370371 0.30130208333333336 0.9694444444444444 0.31979166666666664 0.9717592592592592 0.3294270833333333 0.9694444444444444 0.3416666666666667 0.9449074074074074
0 0.4083333333333333 1 0.4119791666666667 0.9902777777777778 0.4114583333333333 0.9689814814814814 0.4083333333333333 0.9486111111111111 0.40338541666666666 0.9361111111111111 0.39348958333333334 0.9259259259259259 0.38619791666666664 0.9203703703703704 0.3731770833333333 0.9212962962962963 0.3611979166666667 0.9287037037037037 0.3489583333333333 0.9523148148148148 0.3453125 0.9819444444444444 0.34765625 1 0.4083333333333333 1
0 0.4036458333333333 0.7032407407407407 0.41354166666666664 0.6912037037037037 0.40859375 0.6833333333333333 0.39817708333333335 0.6796296296296296 0.38776041666666666 0.6814814814814815 0.37838541666666664 0.6907407407407408 0.3723958333333333 0.7032407407407407 0.3671875 0.7245370370370371 0.3692708333333333 0.7523148148148148 0.3763020833333333 0.7712962962962963 0.38723958333333336 0.7685185185185185 0.3963541666666667 0.774537037037037 0.3963541666666667 0.7263888888888889 0.4036458333333333 0.7032407407407407
0 0.3848958333333333 0.6837962962962963 0.38307291666666665 0.6796296296296296 0.3768229166666667 0.675 0.36484375 0.674074074074074 0.35052083333333334 0.6856481481481481 0.35 0.6902777777777778 0.36484375 0.7166666666666667 0.36875 0.7162037037037037 0.37552083333333336 0.6967592592592593 0.3848958333333333 0.6837962962962963
0 0.34609375 0.6685185185185185 0.33046875 0.6731481481481482 0.3234375 0.6837962962962963 0.32786458333333335 0.6888888888888889 0.3494791666666667 0.6893518518518519 0.3567708333333333 0.6763888888888889 0.34609375 0.6685185185185185
0 0.4270833333333333 0.6939814814814815 0.42526041666666664 0.687962962962963 0.42213541666666665 0.687962962962963 0.4122395833333333 0.6925925925925925 0.4015625 0.7078703703703704 0.3963541666666667 0.7291666666666666 0.3958333333333333 0.7550925925925925 0.40182291666666664 0.7824074074074074 0.41119791666666666 0.7907407407407407 0.4244791666666667 0.7921296296296296 0.4265625 0.788425925925926 0.4270833333333333 0.6939814814814815
0 0.41770833333333335 0.9745370370370371 0.4197916666666667 0.9476851851851852 0.41510416666666666 0.9236111111111112 0.4080729166666667 0.9101851851851852 0.39453125 0.899074074074074 0.38359375 0.8981481481481481 0.3736979166666667 0.9037037037037037 0.36354166666666665 0.9199074074074074 0.36484375 0.924074074074074 0.3684895833333333 0.924074074074074 0.3841145833333333 0.9194444444444444 0.4044270833333333 0.9361111111111111 0.41041666666666665 0.9569444444444445 0.4125 0.9856481481481482 0.4161458333333333 0.9819444444444444 0.41770833333333335 0.9745370370370371
0 0.3703125 0.8486111111111111 0.36640625 0.8435185185185186 0.35911458333333335 0.8453703703703703 0.35078125 0.8537037037037037 0.34010416666666665 0.8791666666666667 0.346875 0.9273148148148148 0.3536458333333333 0.9365740740740741 0.3734375 0.9004629629629629 0.3703125 0.8486111111111111