1 0.3229166666666667 0.8541666666666666 0.3255208333333333 0.8300925925925926 0.325 0.7976851851851852 0.3229166666666667 0.7819444444444444 0.31302083333333336 0.7458333333333333 0.3140625 0.6782407407407407 0.30859375 0.6666666666666666 0.30130208333333336 0.6648148148148149 0.2953125 0.6708333333333333 0.29270833333333335 0.6828703703703703 0.29739583333333336 0.7458333333333333 0.28802083333333334 0.7902777777777777 0.2869791666666667 0.8171296296296297 0.29739583333333336 0.8773148148148148 0.30234375 0.8833333333333333 0.3140625 0.8828703703703704 0.3182291666666667 0.8782407407407408 0.3229166666666667 0.8541666666666666
1 0.5088541666666667 0.861574074074074 0.5151041666666667 0.8208333333333333 0.515625 0.7939814814814815 0.5130208333333334 0.774537037037037 0.5041666666666667 0.7393518518518518 0.50625 0.6708333333333333 0.5018229166666667 0.6592592592592592 0.4934895833333333 0.6564814814814814 0.4875 0.6643518518518519 0.4859375 0.6708333333333333 0.48802083333333335 0.7189814814814814 0.490625 0.725462962962963 0.48854166666666665 0.7273148148148149 0.48854166666666665 0.7393518518518518 0.47760416666666666 0.788425925925926 0.47708333333333336 0.8180555555555555 0.4859375 0.8689814814814815 0.4903645833333333 0.8740740740740741 0.5005208333333333 0.874537037037037 0.5044270833333333 0.8731481481481481 0.5088541666666667 0.861574074074074
1 0.38385416666666666 0.8439814814814814 0.38645833333333335 0.8217592592592593 0.38645833333333335 0.7976851851851852 0.38229166666666664 0.7689814814814815 0.37395833333333334 0.7458333333333333 0.37552083333333336 0.6699074074074074 0.37109375 0.6620370370370371 0.36328125 0.6611111111111111 0.35911458333333335 0.6638888888888889 0.35520833333333335 0.6754629629629629 0.35833333333333334 0.7458333333333333 0.353125 0.7625 0.3489583333333333 0.7921296296296296 0.3484375 0.8245370370370371 0.3572916666666667 0.874537037037037 0.36223958333333334 0.8796296296296297 0.3734375 0.8791666666666667 0.37864583333333335 0.8717592592592592 0.38385416666666666 0.8439814814814814
1 0.44895833333333335 0.8560185185185185 0.45364583333333336 0.8143518518518519 0.45364583333333336 0.788425925925926 0.4427083333333333 0.7347222222222223 0.44479166666666664 0.6763888888888889 0.4393229166666667 0.6509259259259259 0.43671875 0.6555555555555556 0.4283854166666667 0.6592592592592592 0.4239583333333333 0.6680555555555555 0.42291666666666666 0.6837962962962963 0.4270833333333333 0.7337962962962963 0.4244791666666667 0.7541666666666667 0.41822916666666665 0.774537037037037 0.4161458333333333 0.8087962962962963 0.4166666666666667 0.8273148148148148 0.4244791666666667 0.8680555555555556 0.43046875 0.8759259259259259 0.4401041666666667 0.8763888888888889 0.44479166666666664 0.8708333333333333 0.44895833333333335 0.8560185185185185
1 0.47760416666666666 0.8300925925925926 0.4765625 0.8078703703703703 0.4791666666666667 0.7717592592592593 0.46875 0.7319444444444444 0.4703125 0.6615740740740741 0.46640625 0.6518518518518519 0.45807291666666666 0.6481481481481481 0.4510416666666667 0.6560185185185186 0.44895833333333335 0.6680555555555555 0.453125 0.7273148148148149 0.4479166666666667 0.7476851851851852 0.4479166666666667 0.7569444444444444 0.45364583333333336 0.788425925925926 0.45 0.8560185185185185 0.45546875 0.8638888888888889 0.46875 0.8634259259259259 0.47291666666666665 0.8560185185185185 0.47760416666666666 0.8300925925925926
1 0.415625 0.8273148148148148 0.4171875 0.7754629629629629 0.40989583333333335 0.7375 0.40677083333333336 0.7319444444444444 0.409375 0.6560185185185186 0.4080729166666667 0.6518518518518519 0.3966145833333333 0.65 0.390625 0.6569444444444444 0.3885416666666667 0.6662037037037037 0.39114583333333336 0.7310185185185185 0.38645833333333335 0.7467592592592592 0.3828125 0.774537037037037 0.38645833333333335 0.7949074074074074 0.3854166666666667 0.8384259259259259 0.3890625 0.8587962962962963 0.3924479166666667 0.8648148148148148 0.40520833333333334 0.8652777777777778 0.41041666666666665 0.8578703703703704 0.415625 0.8273148148148148
1 0.3484375 0.8569444444444444 0.34791666666666665 0.8004629629629629 0.35208333333333336 0.7680555555555556 0.3421875 0.7319444444444444 0.34375 0.6671296296296296 0.33932291666666664 0.6555555555555556 0.33203125 0.6527777777777778 0.325 0.6606481481481481 0.3229166666666667 0.6699074074074074 0.32708333333333334 0.7319444444444444 0.31927083333333334 0.7671296296296296 0.3255208333333333 0.8032407407407407 0.3234375 0.8513888888888889 0.32838541666666665 0.8685185185185185 0.3380208333333333 0.8689814814814815 0.3455729166666667 0.8657407407407407 0.3484375 0.8569444444444444
1 0.3848958333333333 0.7569444444444444 0.37578125 0.7240740740740741 0.3729166666666667 0.7319444444444444 0.3734375 0.7430555555555556 0.38125 0.7680555555555556 0.384375 0.7643518518518518 0.3848958333333333 0.7569444444444444
1 0.37265625 0.6444444444444445 0.36432291666666666 0.6416666666666667 0.3578125 0.649537037037037 0.35703125 0.6648148148148149 0.36432291666666666 0.6611111111111111 0.37109375 0.662962962962963 0.3770833333333333 0.674537037037037 0.3770833333333333 0.6541666666666667 0.37265625 0.6444444444444445
1 0.4080729166666667 0.7064814814814815 0.40729166666666666 0.7310185185185185 0.4161458333333333 0.7662037037037037 0.41770833333333335 0.7439814814814815 0.4080729166666667 0.7064814814814815
1 0.41041666666666665 0.6467592592592593 0.40651041666666665 0.6351851851851852 0.3997395833333333 0.6314814814814815 0.39166666666666666 0.6393518518518518 0.390625 0.649537037037037 0.3924479166666667 0.6546296296296297 0.40234375 0.6509259259259259 0.40598958333333335 0.6537037037037037 0.4083333333333333 0.6606481481481481 0.41041666666666665 0.6569444444444444 0.41041666666666665 0.6467592592592593
1 0.4236979166666667 0.6851851851851852 0.42291666666666666 0.725462962962963 0.41510416666666666 0.7578703703703704 0.415625 0.7680555555555556 0.4197916666666667 0.7699074074074074 0.4270833333333333 0.7393518518518518 0.4236979166666667 0.6851851851851852
1 0.42682291666666666 0.662962962962963 0.43411458333333336 0.6564814814814814 0.44114583333333335 0.6606481481481481 0.440625 0.6486111111111111 0.43723958333333335 0.6425925925925926 0.4278645833333333 0.6407407407407407 0.42083333333333334 0.6523148148148148 0.4203125 0.6708333333333333 0.4239583333333333 0.6810185185185185 0.4244791666666667 0.6689814814814815 0.42682291666666666 0.662962962962963
0 0.5479166666666667 0.44675925925925924 0.5473958333333333 0.4337962962962963 0.5432291666666667 0.41805555555555557 0.5388020833333333 0.4111111111111111 0.53359375 0.4083333333333333 0.5236979166666667 0.4101851851851852 0.5174479166666667 0.41574074074074074 0.5119791666666667 0.4273148148148148 0.5098958333333333 0.43842592592592594 0.5104166666666666 0.4513888888888889 0.5190104166666667 0.47314814814814815 0.52421875 0.47685185185185186 0.5338541666666666 0.47638888888888886 0.5442708333333334 0.4634259259259259 0.5479166666666667 0.44675925925925924