0 0.5473958333333333 0.6958333333333333 0.5526041666666667 0.6754629629629629 0.5526041666666667 0.6523148148148148 0.5484375 0.6310185185185185 0.5403645833333334 0.6157407407407407 0.53046875 0.6064814814814815 0.5138020833333333 0.6055555555555555 0.5049479166666667 0.6111111111111112 0.49270833333333336 0.6310185185185185 0.48854166666666665 0.6513888888888889 0.48854166666666665 0.6726851851851852 0.4921875 0.6902777777777778 0.50078125 0.7083333333333334 0.51484375 0.7212962962962963 0.5244791666666667 0.7217592592592592 0.53359375 0.7175925925925926 0.5473958333333333 0.6958333333333333
1 0.6114583333333333 0.5097222222222222 0.6151041666666667 0.46805555555555556 0.6109375 0.4393518518518518 0.6052083333333333 0.41898148148148145 0.6046875 0.38564814814814813 0.5919270833333333 0.38333333333333336 0.5916666666666667 0.41712962962962963 0.5838541666666667 0.449537037037037 0.5822916666666667 0.4828703703703704 0.5838541666666667 0.4949074074074074 0.5895833333333333 0.5087962962962963 0.5911458333333334 0.5263888888888889 0.6041666666666666 0.5282407407407408 0.6078125 0.5236111111111111 0.6114583333333333 0.5097222222222222
1 0.415625 0.48842592592592593 0.41822916666666665 0.4486111111111111 0.4161458333333333 0.4310185185185185 0.4083333333333333 0.4013888888888889 0.40729166666666666 0.38472222222222224 0.4002604166666667 0.3814814814814815 0.39479166666666665 0.3837962962962963 0.39479166666666665 0.4050925925925926 0.3859375 0.4439814814814815 0.3859375 0.4689814814814815 0.3921875 0.5087962962962963 0.3966145833333333 0.512962962962963 0.40520833333333334 0.5125 0.40989583333333335 0.5097222222222222 0.415625 0.48842592592592593
1 0.4473958333333333 0.5097222222222222 0.4510416666666667 0.48657407407407405 0.4515625 0.4634259259259259 0.4421875 0.41712962962962963 0.4421875 0.3837962962962963 0.43255208333333334 0.3814814814814815 0.4276041666666667 0.3837962962962963 0.42864583333333334 0.4125 0.42083333333333334 0.44675925925925924 0.4192708333333333 0.4837962962962963 0.42552083333333335 0.5236111111111111 0.42942708333333335 0.5277777777777778 0.43854166666666666 0.5282407407407408 0.44375 0.5236111111111111 0.4473958333333333 0.5097222222222222
1 0.4817708333333333 0.5217592592592593 0.4859375 0.47453703703703703 0.48385416666666664 0.45787037037037037 0.4765625 0.4300925925925926 0.47604166666666664 0.4097222222222222 0.4786458333333333 0.38564814814814813 0.4747395833333333 0.3824074074074074 0.46380208333333334 0.3824074074074074 0.4609375 0.38564814814814813 0.4630208333333333 0.43287037037037035 0.45416666666666666 0.46620370370370373 0.45260416666666664 0.48935185185185187 0.46041666666666664 0.538425925925926 0.46536458333333336 0.5435185185185185 0.47291666666666665 0.5430555555555555 0.47760416666666666 0.5402777777777777 0.4817708333333333 0.5217592592592593
1 0.4875 0.4013888888888889 0.4869791666666667 0.38657407407407407 0.4856770833333333 0.38333333333333336 0.48098958333333336 0.38333333333333336 0.4786458333333333 0.38842592592592595 0.47552083333333334 0.4125 0.47604166666666664 0.4273148148148148 0.4859375 0.475462962962963 0.490625 0.47824074074074074 0.496875 0.4449074074074074 0.4875 0.4013888888888889
1 0.5223958333333333 0.5143518518518518 0.521875 0.48935185185185187 0.5114583333333333 0.4337962962962963 0.5161458333333333 0.3912037037037037 0.51484375 0.38333333333333336 0.4981770833333333 0.38333333333333336 0.49635416666666665 0.40046296296296297 0.5005208333333333 0.4337962962962963 0.49114583333333334 0.475462962962963 0.4895833333333333 0.5106481481481482 0.4973958333333333 0.5532407407407407 0.5018229166666667 0.5574074074074075 0.5114583333333333 0.5569444444444445 0.5166666666666667 0.5486111111111112 0.5223958333333333 0.5143518518518518
1 0.5338541666666666 0.4671296296296296 0.5322916666666667 0.45231481481481484 0.5229166666666667 0.41712962962962963 0.5229166666666667 0.38472222222222224 0.5153645833333333 0.38333333333333336 0.5114583333333333 0.4273148148148148 0.5119791666666667 0.44583333333333336 0.5203125 0.4726851851851852 0.5223958333333333 0.4986111111111111 0.5213541666666667 0.5236111111111111 0.5260416666666666 0.524537037037037 0.5328125 0.48935185185185187 0.5338541666666666 0.4671296296296296
1 0.5671875 0.5097222222222222 0.5677083333333334 0.49583333333333335 0.565625 0.4597222222222222 0.5578125 0.4199074074074074 0.5604166666666667 0.38564814814814813 0.5440104166666667 0.38333333333333336 0.5427083333333333 0.3921296296296296 0.5458333333333333 0.41805555555555557 0.5447916666666667 0.43287037037037035 0.5359375 0.4671296296296296 0.5354166666666667 0.49583333333333335 0.5421875 0.5375 0.5481770833333334 0.5444444444444444 0.5567708333333333 0.5439814814814815 0.5619791666666667 0.5375 0.5671875 0.5097222222222222
1 0.5791666666666667 0.45046296296296295 0.5692708333333333 0.40324074074074073 0.56875 0.38935185185185184 0.5658854166666667 0.38333333333333336 0.56328125 0.38333333333333336 0.559375 0.3902777777777778 0.5588541666666667 0.4050925925925926 0.5567708333333333 0.41064814814814815 0.5572916666666666 0.4263888888888889 0.565625 0.4625 0.5666666666666667 0.5097222222222222 0.5697916666666667 0.5125 0.5776041666666667 0.48009259259259257 0.5791666666666667 0.45046296296296295
1 0.6572916666666667 0.4828703703703704 0.6588541666666666 0.449537037037037 0.6572916666666667 0.43472222222222223 0.6489583333333333 0.40324074074074073 0.6484375 0.3837962962962963 0.6419270833333334 0.3824074074074074 0.6375 0.38472222222222224 0.6375 0.4013888888888889 0.628125 0.4393518518518518 0.6270833333333333 0.4689814814814815 0.634375 0.5087962962962963 0.6377604166666667 0.512962962962963 0.6484375 0.513425925925926 0.6520833333333333 0.5097222222222222 0.6572916666666667 0.4828703703703704