1 0.3484375 0.9300925925925926 0.3515625 0.9087962962962963 0.35208333333333336 0.8819444444444444 0.3484375 0.8569444444444444 0.34010416666666665 0.8226851851851852 0.34270833333333334 0.7569444444444444 0.33932291666666664 0.7462962962962963 0.33151041666666664 0.7416666666666667 0.32395833333333335 0.749537037037037 0.32135416666666666 0.7606481481481482 0.32447916666666665 0.8245370370370371 0.31614583333333335 0.8569444444444444 0.31302083333333336 0.9004629629629629 0.3145833333333333 0.9217592592592593 0.32135416666666666 0.9550925925925926 0.32734375 0.9611111111111111 0.3385416666666667 0.9606481481481481 0.34479166666666666 0.9495370370370371 0.3484375 0.9300925925925926
1 0.153125 0.9625 0.15833333333333333 0.9263888888888889 0.15885416666666666 0.8976851851851851 0.15729166666666666 0.8763888888888889 0.14583333333333334 0.8319444444444445 0.14739583333333334 0.7652777777777777 0.14192708333333334 0.7546296296296297 0.13671875 0.7527777777777778 0.12994791666666666 0.7574074074074074 0.12708333333333333 0.7662037037037037 0.13125 0.836574074074074 0.121875 0.8763888888888889 0.1203125 0.9115740740740741 0.13020833333333334 0.9689814814814814 0.13359375 0.9740740740740741 0.1421875 0.9745370370370371 0.14921875 0.9722222222222222 0.153125 0.9625
1 0.31302083333333336 0.9226851851851852 0.31302083333333336 0.8800925925925925 0.3151041666666667 0.8560185185185185 0.30416666666666664 0.8125 0.30625 0.7458333333333333 0.30182291666666666 0.737037037037037 0.29348958333333336 0.7342592592592593 0.28802083333333334 0.7402777777777778 0.28541666666666665 0.749537037037037 0.2890625 0.8162037037037037 0.2833333333333333 0.8384259259259259 0.28958333333333336 0.8773148148148148 0.2890625 0.9069444444444444 0.28541666666666665 0.9347222222222222 0.28828125 0.9490740740740741 0.3 0.9513888888888888 0.3072916666666667 0.9467592592592593 0.31302083333333336 0.9226851851851852
1 0.18333333333333332 0.9421296296296297 0.18229166666666666 0.8893518518518518 0.1859375 0.8550925925925926 0.1765625 0.8199074074074074 0.17760416666666667 0.7532407407407408 0.17369791666666667 0.7435185185185185 0.16484375 0.7407407407407407 0.16041666666666668 0.7458333333333333 0.15833333333333333 0.7532407407407408 0.1609375 0.8236111111111111 0.15364583333333334 0.8578703703703704 0.159375 0.8930555555555556 0.15833333333333333 0.9458333333333333 0.16171875 0.9574074074074074 0.17291666666666666 0.9587962962962963 0.17994791666666668 0.9564814814814815 0.18333333333333332 0.9421296296296297
1 0.2140625 0.9587962962962963 0.21979166666666666 0.9254629629629629 0.22135416666666666 0.888425925925926 0.21822916666666667 0.8671296296296296 0.21875 0.8421296296296297 0.20989583333333334 0.8069444444444445 0.21041666666666667 0.7578703703703704 0.20546875 0.7472222222222222 0.19609375 0.7472222222222222 0.1921875 0.7523148148148148 0.1890625 0.7671296296296296 0.19270833333333334 0.8300925925925926 0.184375 0.8736111111111111 0.1828125 0.913425925925926 0.18489583333333334 0.9356481481481481 0.1921875 0.9643518518518519 0.19713541666666667 0.9694444444444444 0.20572916666666666 0.9689814814814814 0.21067708333333332 0.9666666666666667 0.2140625 0.9587962962962963
1 0.2838541666666667 0.9458333333333333 0.28854166666666664 0.9106481481481481 0.2890625 0.875462962962963 0.2828125 0.836574074074074 0.27708333333333335 0.8162037037037037 0.28020833333333334 0.7587962962962963 0.2747395833333333 0.7444444444444445 0.26848958333333334 0.7435185185185185 0.26223958333333336 0.7490740740740741 0.259375 0.7578703703703704 0.2625 0.8291666666666667 0.25364583333333335 0.8625 0.2515625 0.913425925925926 0.259375 0.9550925925925926 0.26640625 0.9638888888888889 0.275 0.9643518518518519 0.28072916666666664 0.9587962962962963 0.2838541666666667 0.9458333333333333
1 0.25104166666666666 0.9152777777777777 0.2526041666666667 0.8625 0.25052083333333336 0.8476851851851852 0.2520833333333333 0.8300925925925926 0.25078125 0.8277777777777777 0.24713541666666666 0.8379629629629629 0.24270833333333333 0.8162037037037037 0.24479166666666666 0.7430555555555556 0.24244791666666668 0.737037037037037 0.23255208333333333 0.7351851851851852 0.22734375 0.7398148148148148 0.22395833333333334 0.750462962962963 0.2265625 0.8152777777777778 0.22083333333333333 0.8375 0.21822916666666667 0.8578703703703704 0.221875 0.8912037037037037 0.2203125 0.9300925925925926 0.22578125 0.9518518518518518 0.2421875 0.9532407407407407 0.24635416666666668 0.9439814814814815 0.25104166666666666 0.9152777777777777
1 0.20703125 0.7305555555555555 0.19973958333333333 0.7277777777777777 0.1921875 0.736574074074074 0.190625 0.7439814814814815 0.19192708333333333 0.7537037037037037 0.20390625 0.7490740740740741 0.21197916666666666 0.7643518518518518 0.21197916666666666 0.7412037037037037 0.20703125 0.7305555555555555
1 0.24348958333333334 0.7925925925925926 0.24166666666666667 0.8143518518518519 0.246875 0.8347222222222223 0.2515625 0.8430555555555556 0.2526041666666667 0.8291666666666667 0.24348958333333334 0.7925925925925926
1 0.23932291666666666 0.7194444444444444 0.23255208333333333 0.7185185185185186 0.22552083333333334 0.7291666666666666 0.225 0.7384259259259259 0.22734375 0.7416666666666667 0.23723958333333334 0.737037037037037 0.24348958333333334 0.7462962962962963 0.24583333333333332 0.7458333333333333 0.24635416666666668 0.7319444444444444 0.23932291666666666 0.7194444444444444
1 0.2604166666666667 0.7550925925925925 0.26640625 0.7453703703703703 0.27578125 0.7472222222222222 0.27760416666666665 0.7430555555555556 0.27421875 0.7305555555555555 0.2674479166666667 0.725925925925926 0.26171875 0.7287037037037037 0.25625 0.7430555555555556 0.25885416666666666 0.8106481481481481 0.253125 0.8300925925925926 0.25052083333333336 0.8495370370370371 0.2518229166666667 0.8564814814814815 0.2552083333333333 0.8569444444444444 0.2625 0.8273148148148148 0.2604166666666667 0.7550925925925925