1 0.26484375 0.49236111111111114 0.2671875 0.4479166666666667 0.253125 0.38680555555555557 0.25546875 0.31319444444444444 0.250390625 0.3 0.242578125 0.2972222222222222 0.236328125 0.3013888888888889 0.2328125 0.31319444444444444 0.23671875 0.38680555555555557 0.22578125 0.4326388888888889 0.22421875 0.4618055555555556 0.2265625 0.4909722222222222 0.23515625 0.53125 0.2515625 0.5368055555555555 0.25703125 0.53125 0.26484375 0.49236111111111114
1 0.30546875 0.5395833333333333 0.31328125 0.4965277777777778 0.31484375 0.4673611111111111 0.3125 0.44513888888888886 0.3 0.3951388888888889 0.303125 0.32013888888888886 0.298828125 0.30972222222222223 0.287890625 0.30694444444444446 0.2828125 0.31319444444444444 0.28046875 0.32569444444444445 0.28359375 0.3951388888888889 0.27109375 0.45208333333333334 0.2703125 0.47708333333333336 0.28203125 0.54375 0.2953125 0.5479166666666667 0.301171875 0.5472222222222223 0.30546875 0.5395833333333333
1 0.3578125 0.5298611111111111 0.36015625 0.47152777777777777 0.34765625 0.4076388888888889 0.3484375 0.33402777777777776 0.344921875 0.32083333333333336 0.337109375 0.31666666666666665 0.331640625 0.32083333333333336 0.328125 0.33125 0.33125 0.4076388888888889 0.32109375 0.45069444444444445 0.31875 0.49236111111111114 0.32890625 0.5548611111111111 0.333203125 0.5597222222222222 0.34375 0.5590277777777778 0.353125 0.5506944444444445 0.3578125 0.5298611111111111
1 0.3671875 0.4840277777777778 0.37421875 0.4326388888888889 0.3609375 0.3784722222222222 0.36328125 0.3090277777777778 0.360546875 0.3 0.350390625 0.29583333333333334 0.34296875 0.3034722222222222 0.34140625 0.3145833333333333 0.34609375 0.3215277777777778 0.34921875 0.33958333333333335 0.34765625 0.39791666666666664 0.359375 0.4548611111111111 0.36171875 0.48125 0.3578125 0.5298611111111111 0.3625 0.5298611111111111 0.36796875 0.5159722222222223 0.3671875 0.4840277777777778
1 0.41015625 0.5159722222222223 0.4125 0.5034722222222222 0.409375 0.46319444444444446 0.39765625 0.4201388888888889 0.39921875 0.35347222222222224 0.3953125 0.3326388888888889 0.388671875 0.325 0.382421875 0.3277777777777778 0.3765625 0.34097222222222223 0.3796875 0.4215277777777778 0.3703125 0.46041666666666664 0.3671875 0.48819444444444443 0.36953125 0.5243055555555556 0.37578125 0.55625 0.380859375 0.5694444444444444 0.38515625 0.5701388888888889 0.39296875 0.54375 0.41015625 0.5159722222222223
1 0.42265625 0.47291666666666665 0.41953125 0.4340277777777778 0.409375 0.3993055555555556 0.41171875 0.3215277777777778 0.405859375 0.30694444444444446 0.399609375 0.30416666666666664 0.390625 0.31319444444444444 0.3890625 0.32430555555555557 0.3953125 0.3326388888888889 0.39921875 0.35208333333333336 0.3984375 0.4173611111111111 0.41015625 0.46597222222222223 0.41171875 0.5118055555555555 0.41640625 0.5131944444444444 0.4203125 0.5020833333333333 0.42265625 0.47291666666666665
1 0.471875 0.48125 0.4578125 0.41041666666666665 0.459375 0.33541666666666664 0.453515625 0.31805555555555554 0.446484375 0.31527777777777777 0.43984375 0.3229166666666667 0.43671875 0.33541666666666664 0.44140625 0.3951388888888889 0.4296875 0.4548611111111111 0.42734375 0.48819444444444443 0.431640625 0.5111111111111111 0.444921875 0.5152777777777777 0.46328125 0.5381944444444444 0.46875 0.5215277777777778 0.471875 0.48125
1 0.48203125 0.44930555555555557 0.48046875 0.43125 0.46875 0.3840277777777778 0.4671875 0.35625 0.471875 0.3284722222222222 0.47109375 0.30625 0.466015625 0.29583333333333334 0.456640625 0.29444444444444445 0.45078125 0.30069444444444443 0.44921875 0.3145833333333333 0.45625 0.3229166666666667 0.46015625 0.33958333333333335 0.45703125 0.39375 0.47109375 0.4701388888888889 0.46796875 0.5229166666666667 0.47109375 0.5270833333333333 0.4796875 0.4909722222222222 0.48203125 0.44930555555555557
1 0.5265625 0.5159722222222223 0.53046875 0.45208333333333334 0.52734375 0.43125 0.51640625 0.39791666666666664 0.51796875 0.3145833333333333 0.510546875 0.30277777777777776 0.504296875 0.30277777777777776 0.49609375 0.31875 0.5 0.39791666666666664 0.48984375 0.4354166666666667 0.48671875 0.4673611111111111 0.4890625 0.4979166666666667 0.496875 0.5368055555555555 0.502734375 0.5458333333333333 0.51328125 0.5465277777777777 0.51875 0.5423611111111111 0.5265625 0.5159722222222223
1 0.58125 0.51875 0.5875 0.4826388888888889 0.5890625 0.44375 0.5859375 0.4201388888888889 0.57578125 0.3840277777777778 0.578125 0.30625 0.573046875 0.29444444444444445 0.562109375 0.29305555555555557 0.55546875 0.31180555555555556 0.56015625 0.3840277777777778 0.5484375 0.4284722222222222 0.546875 0.46041666666666664 0.55703125 0.5243055555555556 0.561328125 0.5305555555555556 0.571875 0.5298611111111111 0.578515625 0.5277777777777778 0.58125 0.51875
0 0.4609375 0.6298611111111111 0.46953125 0.6006944444444444 0.4703125 0.5729166666666666 0.46484375 0.5465277777777777 0.454296875 0.525 0.439453125 0.5125 0.419921875 0.5111111111111111 0.402734375 0.5263888888888889 0.3921875 0.5479166666666667 0.3875 0.56875 0.3875 0.5993055555555555 0.39140625 0.61875 0.401953125 0.6416666666666667 0.415234375 0.6541666666666667 0.43359375 0.6576388888888889 0.448828125 0.6472222222222223 0.4609375 0.6298611111111111