1 0.2125 0.4284722222222222 0.20390625 0.3909722222222222 0.20625 0.34791666666666665 0.195703125 0.34305555555555556 0.190625 0.3506944444444444 0.19375 0.3909722222222222 0.18671875 0.42430555555555555 0.1859375 0.4479166666666667 0.1921875 0.48125 0.2046875 0.4840277777777778 0.209375 0.47708333333333336 0.2125 0.4284722222222222
1 0.17578125 0.4326388888888889 0.1671875 0.3993055555555556 0.16953125 0.35625 0.166015625 0.3486111111111111 0.158984375 0.3472222222222222 0.153125 0.35625 0.15546875 0.3993055555555556 0.1484375 0.4284722222222222 0.14765625 0.4548611111111111 0.15234375 0.48541666666666666 0.156640625 0.49166666666666664 0.1671875 0.4909722222222222 0.1734375 0.47430555555555554 0.17578125 0.4326388888888889
1 0.1359375 0.45902777777777776 0.128125 0.4076388888888889 0.13046875 0.36180555555555555 0.126171875 0.3541666666666667 0.118359375 0.3541666666666667 0.1125 0.36736111111111114 0.115625 0.40625 0.10859375 0.43680555555555556 0.10859375 0.46597222222222223 0.11328125 0.4951388888888889 0.1265625 0.5006944444444444 0.1328125 0.4895833333333333 0.1359375 0.45902777777777776
1 0.09609375 0.47291666666666665 0.09296875 0.43680555555555556 0.08828125 0.41875 0.090625 0.37569444444444444 0.087109375 0.3625 0.078515625 0.3611111111111111 0.07265625 0.3784722222222222 0.07578125 0.4173611111111111 0.071875 0.43819444444444444 0.0703125 0.4909722222222222 0.076171875 0.5069444444444444 0.0875 0.5090277777777777 0.09375 0.4965277777777778 0.09609375 0.47291666666666665
1 0.06953125 0.47430555555555554 0.06875 0.4340277777777778 0.0625 0.40625 0.065625 0.37569444444444444 0.0640625 0.36041666666666666 0.054296875 0.3541666666666667 0.046875 0.3645833333333333 0.05078125 0.40069444444444446 0.04375 0.4326388888888889 0.04296875 0.46597222222222223 0.048828125 0.49722222222222223 0.06328125 0.5006944444444444 0.06640625 0.4979166666666667 0.06953125 0.47430555555555554
1 0.04375 0.43125 0.0375 0.40208333333333335 0.0390625 0.35625 0.027734375 0.3472222222222222 0.021875 0.35347222222222224 0.0203125 0.36319444444444443 0.025 0.3993055555555556 0.01796875 0.42986111111111114 0.01796875 0.45902777777777776 0.02109375 0.4840277777777778 0.03203125 0.49375 0.040625 0.48680555555555555 0.04375 0.43125
1 0 0.48125 0.0078125 0.48541666666666666 0.014453125 0.48333333333333334 0.0171875 0.4756944444444444 0.0171875 0.41875 0.01171875 0.3909722222222222 0.01328125 0.3506944444444444 0.002734375 0.34305555555555556 0 0.34652777777777777 0 0.48125
1 0.10703125 0.4798611111111111 0.10859375 0.42569444444444443 0.10234375 0.39791666666666664 0.10390625 0.3548611111111111 0.093359375 0.3472222222222222 0.0875 0.3548611111111111 0.090625 0.3770833333333333 0.08828125 0.41458333333333336 0.09765625 0.4465277777777778 0.09375 0.48819444444444443 0.09921875 0.49236111111111114 0.103515625 0.49027777777777776 0.10703125 0.4798611111111111
1 0.14765625 0.42430555555555555 0.140625 0.3923611111111111 0.1421875 0.3506944444444444 0.133203125 0.3416666666666667 0.1265625 0.34791666666666665 0.13125 0.37569444444444444 0.128125 0.4076388888888889 0.13515625 0.44513888888888886 0.13359375 0.48125 0.14140625 0.4826388888888889 0.146875 0.46041666666666664 0.14765625 0.42430555555555555
1 0.0734375 0.37430555555555556 0.07890625 0.35347222222222224 0.074609375 0.34305555555555556 0.066015625 0.34305555555555556 0.0625 0.34791666666666665 0.065625 0.3770833333333333 0.06328125 0.4076388888888889 0.07109375 0.4284722222222222 0.07578125 0.41597222222222224 0.0734375 0.37430555555555556
1 0.43515625 0.42569444444444443 0.4328125 0.39791666666666664 0.43828125 0.37430555555555556 0.43828125 0.36180555555555555 0.431640625 0.3527777777777778 0.41875 0.3576388888888889 0.41953125 0.39791666666666664 0.40546875 0.45208333333333334 0.412890625 0.48194444444444445 0.42421875 0.4826388888888889 0.4296875 0.46597222222222223 0.43515625 0.42569444444444443
1 0.4734375 0.3909722222222222 0.47734375 0.34791666666666665 0.474609375 0.3416666666666667 0.467578125 0.3402777777777778 0.46328125 0.34791666666666665 0.46640625 0.3909722222222222 0.4609375 0.41180555555555554 0.47421875 0.4395833333333333 0.47930185078125 0.4244183555555555 0.47890625 0.4048611111111111 0.4734375 0.3909722222222222
1 0.41171875 0.3923611111111111 0.41484375 0.3506944444444444 0.408203125 0.3402777777777778 0.4 0.34930555555555554 0.4015625 0.3840277777777778 0.396875 0.4048611111111111 0.398828125 0.42083333333333334 0.404296875 0.4305555555555556 0.40859375 0.43680555555555556 0.41484375 0.4131944444444444 0.41171875 0.3923611111111111