1 0.62578125 0.44930555555555557 0.625 0.4326388888888889 0.61796875 0.4048611111111111 0.62109375 0.3715277777777778 0.609765625 0.3680555555555556 0.6078125 0.38125 0.6109375 0.4048611111111111 0.60390625 0.4284722222222222 0.603125 0.45069444444444445 0.6078125 0.4798611111111111 0.61796875 0.48125 0.6234375 0.46875 0.62578125 0.44930555555555557
1 0.65234375 0.44513888888888886 0.64453125 0.41180555555555554 0.646875 0.3729166666666667 0.637109375 0.3680555555555556 0.63359375 0.37430555555555556 0.6359375 0.41180555555555554 0.628125 0.44930555555555557 0.634375 0.4840277777777778 0.64453125 0.4895833333333333 0.65078125 0.4701388888888889 0.65234375 0.44513888888888886
1 0.6796875 0.47430555555555554 0.68046875 0.4423611111111111 0.6734375 0.40625 0.675 0.3715277777777778 0.665234375 0.36666666666666664 0.66171875 0.3701388888888889 0.66015625 0.38263888888888886 0.66171875 0.41875 0.65546875 0.44513888888888886 0.65546875 0.4673611111111111 0.66015625 0.4895833333333333 0.67109375 0.4951388888888889 0.675 0.49375 0.6796875 0.47430555555555554
1 0.709375 0.45208333333333334 0.7015625 0.41180555555555554 0.70390625 0.37430555555555556 0.699609375 0.36666666666666664 0.693359375 0.36666666666666664 0.6875 0.38680555555555557 0.68984375 0.41597222222222224 0.684375 0.43819444444444444 0.68203125 0.4701388888888889 0.693359375 0.5 0.7 0.49930555555555556 0.7078125 0.47430555555555554 0.709375 0.45208333333333334
1 0.46875 0.4395833333333333 0.4609375 0.40625 0.4625 0.3715277777777778 0.452734375 0.3680555555555556 0.45078125 0.38263888888888886 0.45390625 0.4048611111111111 0.44765625 0.43125 0.446875 0.44930555555555557 0.4515625 0.47847222222222224 0.4625 0.48125 0.4671875 0.4673611111111111 0.46875 0.4395833333333333
1 0.43984375 0.44375 0.4328125 0.4131944444444444 0.434375 0.3770833333333333 0.426171875 0.36944444444444446 0.421875 0.38263888888888886 0.42421875 0.4131944444444444 0.41796875 0.43680555555555556 0.4171875 0.4618055555555556 0.421875 0.48680555555555555 0.43203125 0.4895833333333333 0.4390625 0.46597222222222223 0.43984375 0.44375
1 0.41015625 0.4673611111111111 0.4078125 0.43819444444444444 0.4015625 0.41875 0.40703125 0.3854166666666667 0.404296875 0.36944444444444446 0.3921875 0.3798611111111111 0.39375 0.41875 0.38671875 0.44930555555555557 0.3890625 0.4826388888888889 0.392578125 0.49583333333333335 0.39765625 0.4965277777777778 0.4015625 0.49375 0.41015625 0.4673611111111111
1 0.3796875 0.4701388888888889 0.371875 0.42569444444444443 0.3734375 0.39791666666666664 0.369140625 0.38055555555555554 0.36171875 0.38958333333333334 0.36328125 0.4284722222222222 0.35625 0.47152777777777777 0.3640625 0.5006944444444444 0.3703125 0.5034722222222222 0.375 0.49930555555555556 0.3796875 0.4701388888888889
1 0.35546875 0.45902777777777776 0.35 0.4409722222222222 0.34765625 0.41875 0.35 0.3909722222222222 0.345703125 0.375 0.3375 0.38263888888888886 0.33828125 0.4215277777777778 0.33125 0.4673611111111111 0.3375 0.4965277777777778 0.346875 0.4979166666666667 0.3546875 0.4756944444444444 0.35546875 0.45902777777777776
1 0.33125 0.44375 0.32421875 0.4131944444444444 0.32578125 0.37569444444444444 0.318359375 0.37083333333333335 0.3140625 0.38263888888888886 0.31640625 0.41458333333333336 0.31015625 0.4395833333333333 0.309375 0.46319444444444446 0.315625 0.48819444444444443 0.3234375 0.4909722222222222 0.33046875 0.47152777777777777 0.33125 0.44375
1 0.3078125 0.46041666666666664 0.3078125 0.43680555555555556 0.29921875 0.4048611111111111 0.30234375 0.3729166666666667 0.292578125 0.36944444444444446 0.290625 0.38263888888888886 0.29375 0.4048611111111111 0.28671875 0.4354166666666667 0.28671875 0.45625 0.29140625 0.4798611111111111 0.29921875 0.4840277777777778 0.303125 0.4798611111111111 0.3078125 0.46041666666666664
1 0.3796875 0.41458333333333336 0.38046875 0.37569444444444444 0.372265625 0.37083333333333335 0.36796875 0.3840277777777778 0.3734375 0.3909722222222222 0.371875 0.4270833333333333 0.37890625 0.4548611111111111 0.378125 0.48819444444444443 0.38125 0.48819444444444443 0.38671875 0.4465277777777778 0.3796875 0.41458333333333336
1 0.3609375 0.4409722222222222 0.359375 0.42569444444444443 0.353125 0.4048611111111111 0.35625 0.3854166666666667 0.35625 0.37569444444444444 0.353515625 0.36944444444444446 0.348046875 0.36944444444444446 0.344921875 0.375 0.3489457171875 0.3821096486111111 0.35018028203124996 0.39143358749999996 0.34848276484374996 0.41885694305555554 0.35033459609375 0.4287293402777778 0.35110619765625 0.4402471513888889 0.3538839546875 0.4476514625 0.3548098703125 0.4556042388888889 0.35546875 0.46597222222222223 0.359375 0.4534722222222222 0.3609375 0.4409722222222222
0 0.4171875 0.5951388888888889 0.41875 0.5618055555555556 0.410546875 0.5402777777777777 0.388671875 0.5375 0.3765625 0.5618055555555556 0.37578125 0.5840277777777778 0.38203125 0.6048611111111111 0.389453125 0.6152777777777778 0.40078125 0.6159722222222223 0.408984375 0.6125 0.4171875 0.5951388888888889
1 0.121875 0.4465277777777778 0.11796875 0.42430555555555555 0.11796875 0.38680555555555557 0.116015625 0.37916666666666665 0.111328125 0.37777777777777777 0.10625 0.38263888888888886 0.10703125 0.42569444444444443 0.1015625 0.45069444444444445 0.1015625 0.4701388888888889 0.10546875 0.4979166666666667 0.11484375 0.5006944444444444 0.12109375 0.4909722222222222 0.121875 0.4465277777777778
1 0.0890625 0.48819444444444443 0.09028440625 0.4691156638888889 0.0881501828125 0.44762417499999996 0.08359375 0.4270833333333333 0.08340746484375 0.4122264333333333 0.08483027578124999 0.3949489777777778 0.080859375 0.38472222222222224 0.07629338125 0.3848353402777777 0.07297348984374999 0.3873637430555556 0.070127853125 0.4000057958333333 0.0706021234375 0.41896886805555555 0.07107639375 0.4286610888888889 0.068467915625 0.4472027611111111 0.06657081953125 0.4741724680555556 0.06796875 0.4951388888888889 0.069921875 0.5013888888888889 0.07890625 0.5048611111111111 0.085546875 0.5013888888888889 0.0890625 0.48819444444444443
1 0.06796875 0.4548611111111111 0.06328125 0.4270833333333333 0.06419946875 0.4000057958333333 0.06253951484375 0.3852567416666667 0.05898247265624999 0.3801999236111111 0.05400262812499999 0.3806213236111111 0.05091985624999999 0.3873637430555556 0.05068272109375001 0.4046412138888889 0.05078125 0.4201388888888889 0.04997131640625 0.4375105388888889 0.04736282265625 0.4560522111111111 0.046875 0.4798611111111111 0.0484375 0.4951388888888889 0.052734375 0.5013888888888889 0.0578125 0.5006944444444444 0.06484375 0.49375 0.06796875 0.4548611111111111
1 0.15546875 0.4465277777777778 0.15217684375 0.4261326875 0.14921875 0.41180555555555554 0.14980547734375 0.39410617638888884 0.15 0.3784722222222222 0.141796875 0.3736111111111111 0.1375 0.3840277777777778 0.13842296171875 0.3966345791666666 0.13984375 0.41597222222222224 0.1360516109375 0.437931925 0.134375 0.4618055555555556 0.1375 0.48680555555555555 0.1484375 0.4909722222222222 0.15390625 0.48125 0.15546875 0.4465277777777778
1 0.046875 0.4701388888888889 0.04641428203125 0.44467435833333335 0.0452285984375 0.43329650694444444 0.042382969531249995 0.41896886805555555 0.0414344296875 0.4054840138888889 0.043568653125 0.3928419611111111 0.04333151015625 0.3873637430555556 0.041671564843749995 0.3810427236111111 0.039453125 0.3736111111111111 0.031711859375 0.37514310416666663 0.02934050078125 0.3835711263888889 0.029814771093749998 0.4037984125 0.031237589843750004 0.4155976652777778 0.029814771093749998 0.42781828888888895 0.02934050078125 0.44298875694444445 0.02720627734375 0.46363744444444444 0.02720627734375 0.4792293 0.029296875 0.49444444444444446 0.040625 0.4951388888888889 0.0453125 0.48819444444444443 0.046875 0.4701388888888889
1 0.1 0.44930555555555557 0.09609375 0.41875 0.09573852109375 0.39958439583333333 0.096875 0.3798611111111111 0.0945528375 0.37514310416666663 0.09052153359375001 0.37345748888888886 0.0872016421875 0.3806213236111111 0.085778815625 0.3882065430555556 0.08506741875 0.3966345791666666 0.08601595859375 0.40590541388888884 0.08601595859375 0.41349064861111107 0.08483027578124999 0.42950391805555554 0.0881501828125 0.4408817416666666 0.091232946875 0.4556307958333333 0.0914700734375 0.47375108194444443 0.08909872265624999 0.4863931194444444 0.09453125 0.49236111111111114 0.0984375 0.4826388888888889 0.1 0.44930555555555557