0 0.6703125 0.4909722222222222 0.67734375 0.46597222222222223 0.678125 0.44375 0.67421875 0.4215277777777778 0.664453125 0.4027777777777778 0.648046875 0.39166666666666666 0.636328125 0.39305555555555555 0.624609375 0.4013888888888889 0.61328125 0.42291666666666666 0.61015625 0.4618055555555556 0.620703125 0.49722222222222223 0.632421875 0.5125 0.6484375 0.5131944444444444 0.662109375 0.5041666666666667 0.6703125 0.4909722222222222
1 0.5171875 0.30625 0.51953125 0.2659722222222222 0.51015625 0.21180555555555555 0.5125 0.17291666666666666 0.494921875 0.17083333333333334 0.49609375 0.21319444444444444 0.4859375 0.25763888888888886 0.4859375 0.2923611111111111 0.4921875 0.32708333333333334 0.494921875 0.33194444444444443 0.50625 0.3326388888888889 0.51328125 0.3229166666666667 0.5171875 0.30625
1 0.55 0.3326388888888889 0.55625 0.29375 0.55390625 0.2548611111111111 0.54609375 0.22569444444444445 0.55 0.18125 0.547265625 0.17083333333333334 0.53046875 0.17430555555555555 0.5328125 0.22569444444444445 0.521875 0.27847222222222223 0.52421875 0.3104166666666667 0.5296875 0.33402777777777776 0.534375 0.34097222222222223 0.545703125 0.3402777777777778 0.55 0.3326388888888889
1 0.59375 0.3076388888888889 0.59140625 0.2659722222222222 0.58359375 0.23125 0.58828125 0.18263888888888888 0.58828125 0.17430555555555555 0.584765625 0.16944444444444445 0.56875 0.17569444444444443 0.571875 0.23125 0.5625 0.2659722222222222 0.559375 0.2965277777777778 0.56875 0.34791666666666665 0.57890625 0.35208333333333336 0.58671875 0.3451388888888889 0.59375 0.3076388888888889
1 0.59140625 0.21041666666666667 0.5953125 0.17569444444444443 0.588671875 0.17222222222222222 0.584375 0.23819444444444443 0.5921875 0.27152777777777776 0.596875 0.3145833333333333 0.60234375 0.26180555555555557 0.59140625 0.21041666666666667
1 0.588671875 0.2388888888888889 0.58828125 0.25625 0.59296875 0.2673611111111111 0.59375 0.2548611111111111 0.588671875 0.2388888888888889
1 0.59296875 0.1951388888888889 0.59765625 0.17569444444444443 0.592578125 0.175 0.58828125 0.18541666666666667 0.5859375 0.21736111111111112 0.58984375 0.22291666666666668 0.5890625 0.23402777777777778 0.596875 0.23819444444444443 0.59296875 0.21736111111111112 0.59296875 0.1951388888888889
1 0.62109375 0.23402777777777778 0.619921875 0.22361111111111112 0.615625 0.2326388888888889 0.61484375 0.22291666666666668 0.61953125 0.21597222222222223 0.616015625 0.20694444444444443 0.6109375 0.2048611111111111 0.61171875 0.1909722222222222 0.616015625 0.19583333333333333 0.6171875 0.19236111111111112 0.61484375 0.18263888888888888 0.618359375 0.1736111111111111 0.611328125 0.175 0.60703125 0.18819444444444444 0.6109375 0.24097222222222223 0.6078125 0.24513888888888888 0.60625 0.26180555555555557 0.609375 0.26180555555555557 0.609375 0.2465277777777778 0.62109375 0.23402777777777778
1 0.6171875 0.35208333333333336 0.616015625 0.34305555555555556 0.612109375 0.35138888888888886 0.60703125 0.33541666666666664 0.608203125 0.32916666666666666 0.61640625 0.3368055555555556 0.61640625 0.3159722222222222 0.612890625 0.325 0.60390625 0.31875 0.6015625 0.2798611111111111 0.60703125 0.2701388888888889 0.603515625 0.2638888888888889 0.596875 0.28680555555555554 0.59765625 0.3145833333333333 0.60390625 0.34652777777777777 0.61015625 0.3590277777777778 0.621875 0.35625 0.6171875 0.35208333333333336
1 0.64140625 0.2701388888888889 0.62890625 0.21458333333333332 0.63359375 0.17291666666666666 0.623046875 0.16944444444444445 0.6203125 0.17430555555555555 0.625 0.18680555555555556 0.62265625 0.24097222222222223 0.63125 0.2923611111111111 0.63203125 0.33819444444444446 0.640625 0.30069444444444443 0.64140625 0.2701388888888889
1 0.678125 0.31319444444444444 0.6765625 0.2701388888888889 0.66953125 0.23125 0.6734375 0.17430555555555555 0.659765625 0.16944444444444445 0.6546875 0.17569444444444443 0.65859375 0.23125 0.64765625 0.2701388888888889 0.64609375 0.3020833333333333 0.653125 0.3451388888888889 0.655859375 0.35 0.66796875 0.34930555555555554 0.671875 0.3451388888888889 0.678125 0.31319444444444444
1 0.68515625 0.2659722222222222 0.68125 0.23819444444444443 0.671875 0.20902777777777778 0.675 0.20625 0.6765625 0.1798611111111111 0.673828125 0.16944444444444445 0.6703125 0.17430555555555555 0.67265625 0.19652777777777777 0.66953125 0.2326388888888889 0.678125 0.27569444444444446 0.6796875 0.31180555555555556 0.68359375 0.29930555555555555 0.68515625 0.2659722222222222
1 0.725 0.27152777777777776 0.715625 0.22569444444444445 0.71796875 0.17291666666666666 0.705859375 0.16805555555555557 0.7 0.17430555555555555 0.70234375 0.22569444444444445 0.6921875 0.26875 0.69140625 0.28541666666666665 0.69921875 0.3368055555555556 0.701953125 0.3416666666666667 0.71484375 0.34097222222222223 0.7234375 0.3090277777777778 0.725 0.27152777777777776
1 0.76875 0.2659722222222222 0.75703125 0.21041666666666667 0.7609375 0.16180555555555556 0.757421875 0.15416666666666667 0.748828125 0.15138888888888888 0.74453125 0.16319444444444445 0.74765625 0.21180555555555555 0.73828125 0.2465277777777778 0.7359375 0.2798611111111111 0.74453125 0.3284722222222222 0.75859375 0.33125 0.7671875 0.29791666666666666 0.76875 0.2659722222222222