1 0.4046875 0.34930555555555554 0.396875 0.3173611111111111 0.3984375 0.27569444444444446 0.394140625 0.26805555555555555 0.387890625 0.26805555555555555 0.384375 0.27708333333333335 0.3875 0.3145833333333333 0.38046875 0.34375 0.3796875 0.3770833333333333 0.386328125 0.4041666666666667 0.396875 0.4048611111111111 0.40390625 0.3798611111111111 0.4046875 0.34930555555555554
1 0.43046875 0.36180555555555555 0.42265625 0.32708333333333334 0.42421875 0.2826388888888889 0.419921875 0.2722222222222222 0.413671875 0.2722222222222222 0.409375 0.28125 0.41171875 0.32430555555555557 0.40546875 0.35347222222222224 0.4046875 0.3798611111111111 0.412109375 0.4125 0.4234375 0.41180555555555554 0.42890625 0.3909722222222222 0.43046875 0.36180555555555555
1 0.45703125 0.3770833333333333 0.4484375 0.3284722222222222 0.45 0.28958333333333336 0.446484375 0.2791666666666667 0.442578125 0.2777777777777778 0.43671875 0.2881944444444444 0.43984375 0.3229166666666667 0.43125 0.3645833333333333 0.43125 0.38680555555555557 0.4359375 0.4131944444444444 0.44453125 0.4201388888888889 0.453125 0.4131944444444444 0.45703125 0.3770833333333333
1 0.48125 0.42291666666666666 0.4875 0.3923611111111111 0.484375 0.3576388888888889 0.478125 0.34097222222222223 0.48125 0.2965277777777778 0.475390625 0.2847222222222222 0.469921875 0.2847222222222222 0.465625 0.2923611111111111 0.4671875 0.33541666666666664 0.459375 0.37569444444444444 0.46015625 0.40069444444444446 0.46796875 0.4284722222222222 0.478515625 0.42777777777777776 0.48125 0.42291666666666666
1 0.52109375 0.3854166666666667 0.5203125 0.36041666666666666 0.5125 0.3298611111111111 0.51640625 0.2951388888888889 0.509765625 0.2777777777777778 0.504296875 0.2791666666666667 0.50078125 0.28680555555555554 0.503125 0.3284722222222222 0.49453125 0.3715277777777778 0.5 0.4131944444444444 0.5078125 0.4201388888888889 0.51484375 0.4173611111111111 0.52109375 0.3854166666666667
1 0.55703125 0.36180555555555555 0.54921875 0.3229166666666667 0.55 0.27708333333333335 0.546484375 0.2708333333333333 0.541015625 0.2708333333333333 0.53671875 0.2798611111111111 0.53828125 0.32430555555555557 0.53203125 0.34930555555555554 0.53125 0.3770833333333333 0.53671875 0.40902777777777777 0.54921875 0.41180555555555554 0.55390625 0.39652777777777776 0.55703125 0.36180555555555555
1 0.590625 0.3659722222222222 0.5890625 0.33958333333333335 0.58203125 0.3090277777777778 0.58515625 0.27569444444444446 0.580859375 0.2652777777777778 0.573046875 0.26805555555555555 0.57109375 0.27569444444444446 0.57421875 0.3145833333333333 0.565625 0.35625 0.56875 0.3909722222222222 0.573046875 0.4041666666666667 0.57734375 0.4048611111111111 0.58515625 0.40208333333333335 0.590625 0.3659722222222222
1 0.49375 0.35347222222222224 0.48515625 0.3215277777777778 0.4875 0.27708333333333335 0.478515625 0.2708333333333333 0.47421875 0.27708333333333335 0.47421875 0.28402777777777777 0.48125 0.2951388888888889 0.47734375 0.33541666666666664 0.484375 0.36180555555555555 0.48671875 0.40208333333333335 0.49296875 0.3854166666666667 0.49375 0.35347222222222224
1 0.45859375 0.3159722222222222 0.46015625 0.27708333333333335 0.458203125 0.26944444444444443 0.450390625 0.26805555555555555 0.446875 0.27291666666666664 0.4515625 0.30069444444444443 0.4484375 0.3284722222222222 0.459375 0.37569444444444444 0.4640625 0.3506944444444444 0.45859375 0.3159722222222222
1 0.52890625 0.35347222222222224 0.5203125 0.3145833333333333 0.52265625 0.27291666666666664 0.513671875 0.2652777777777778 0.509375 0.27708333333333335 0.51640625 0.2923611111111111 0.5125 0.32569444444444445 0.5203125 0.36041666666666666 0.51953125 0.3993055555555556 0.521875 0.40069444444444446 0.52734375 0.3840277777777778 0.52890625 0.35347222222222224
0 0.49375 0.6201388888888889 0.4890625 0.5826388888888889 0.480078125 0.5680555555555555 0.469140625 0.5611111111111111 0.448046875 0.5680555555555555 0.44140625 0.5798611111111112 0.4359375 0.60625 0.44375 0.6451388888888889 0.457421875 0.6625 0.4671875 0.6645833333333333 0.482421875 0.6513888888888889 0.49375 0.6201388888888889