1 0.536378321875 0.2876145472222222 0.53359375 0.2701388888888889 0.53479018515625 0.25149058055555557 0.53574307109375 0.23907296805555558 0.53034343125 0.23512190277777778 0.525 0.23958333333333334 0.5265625 0.2659722222222222 0.5211322671875 0.28366348194444446 0.5203125 0.29930555555555555 0.52557902109375 0.32938286666666666 0.5322491828125 0.32881843055555554 0.5376488226562499 0.30906314166666665 0.536378321875 0.2876145472222222
1 0.5190419992187499 0.2951388888888889 0.515732628125 0.2763258055555555 0.51201074921875 0.26319444444444445 0.51591699921875 0.23819444444444443 0.5049333265625 0.23850853194444446 0.50654199921875 0.2604166666666667 0.50270993984375 0.2797124166666667 0.50029199921875 0.29930555555555555 0.5020746890625001 0.3101920125 0.5052509625 0.32148075416666666 0.51279199921875 0.3215277777777778 0.5154149921875 0.31075644722222223 0.5190419992187499 0.2951388888888889
1 0.5609375 0.28541666666666665 0.55625 0.2673611111111111 0.5563887656250001 0.23850853194444446 0.5471776015625001 0.23794409722222223 0.54921875 0.26458333333333334 0.54375 0.28541666666666665 0.54375 0.30486111111111114 0.549609375 0.3236111111111111 0.55546875 0.3229166666666667 0.5609375 0.3020833333333333 0.5609375 0.28541666666666665
1 0.58359375 0.2798611111111111 0.57734375 0.2548611111111111 0.578125 0.23680555555555555 0.5706819335937501 0.23737966249999998 0.5706819335937501 0.2571349513888889 0.56687043046875 0.27406804583333333 0.56640625 0.2965277777777778 0.570703125 0.31527777777777777 0.578125 0.3159722222222222 0.5828125 0.30069444444444443 0.58359375 0.2798611111111111
1 0.60403270078125 0.28817898194444447 0.604833478125 0.27847222222222223 0.6018093140625 0.2605215625 0.5978022281250001 0.24513888888888888 0.598583478125 0.23680555555555555 0.5919629203125 0.23512190277777778 0.5919629203125 0.2503617097222222 0.58910426171875 0.26334375694444445 0.5876459781250001 0.2798611111111111 0.58846903203125 0.2932589 0.5915522281250001 0.30625 0.597020978125 0.3090277777777778 0.600145978125 0.30625 0.60403270078125 0.28817898194444447
1 0.50078125 0.28125 0.49453125 0.25763888888888886 0.49609375 0.23680555555555555 0.490234375 0.23333333333333334 0.4875 0.23541666666666666 0.4890625 0.2590277777777778 0.48524049765625 0.27293917500000003 0.4828125 0.29097222222222224 0.4875 0.3159722222222222 0.49609375 0.3173611111111111 0.5 0.3034722222222222 0.50078125 0.28125
1 0.48203125 0.27708333333333335 0.47952322187499996 0.26108599722222225 0.475 0.24513888888888888 0.4765625 0.23680555555555555 0.473046875 0.23472222222222222 0.46967682890624995 0.23737966249999998 0.46935919296875 0.25261945 0.46681819140625 0.2650370625 0.465625 0.2881944444444444 0.46875 0.3076388888888889 0.4765625 0.3104166666666667 0.48015847265625 0.29213002916666664 0.48203125 0.27708333333333335
1 0.69928543828125 0.28747009166666665 0.6974441796875 0.2655097013888889 0.6938292875000001 0.2493393625 0.69482649609375 0.23272600555555556 0.687472065625 0.23383356249999998 0.6864748578125 0.2493393625 0.68460508828125 0.2610794708333333 0.6831092765625 0.27281957916666666 0.68261067265625 0.2861102638888889 0.6858516070312499 0.3078183875 0.69021439609375 0.3080398972222222 0.69569905703125 0.3078183875 0.69928543828125 0.28747009166666665
1 0.31227385078125003 0.30745406805555553 0.3125 0.2881944444444444 0.3078125 0.26458333333333334 0.309375 0.2520833333333333 0.309375 0.23819444444444443 0.307421875 0.23472222222222222 0.300390625 0.23472222222222222 0.29921875 0.23680555555555555 0.29921875 0.25069444444444444 0.3015625 0.2590277777777778 0.3015625 0.26458333333333334 0.29921875 0.27152777777777776 0.29765625 0.28125 0.29609375 0.30069444444444443 0.296875 0.3020833333333333 0.296875 0.3104166666666667 0.29921875 0.32013888888888886 0.301171875 0.3236111111111111 0.30625 0.3229166666666667 0.309375 0.31875 0.31227385078125003 0.30745406805555553
1 0.33828125 0.3034722222222222 0.3390625 0.2798611111111111 0.334375 0.2604166666666667 0.3328125 0.2590277777777778 0.334375 0.23819444444444443 0.332421875 0.23472222222222222 0.325390625 0.23472222222222222 0.32421875 0.23958333333333334 0.3265625 0.2590277777777778 0.325 0.26180555555555557 0.32265625 0.27291666666666664 0.321875 0.29930555555555555 0.326953125 0.31666666666666665 0.329296875 0.31805555555555554 0.33359375 0.3173611111111111 0.3359375 0.3145833333333333 0.33828125 0.3034722222222222
1 0.36015625 0.3090277777777778 0.36171875 0.3034722222222222 0.36171875 0.29791666666666666 0.36328125 0.28958333333333336 0.3625 0.2673611111111111 0.3578125 0.2520833333333333 0.35703125 0.2465277777777778 0.3578125 0.23819444444444443 0.355078125 0.23472222222222222 0.352734375 0.23472222222222222 0.35 0.23819444444444443 0.35078125 0.2520833333333333 0.346875 0.2673611111111111 0.3453125 0.27847222222222223 0.34609375 0.2951388888888889 0.35078125 0.3104166666666667 0.35390625 0.31319444444444444 0.357421875 0.3125 0.36015625 0.3090277777777778
1 0.3203125 0.3020833333333333 0.3203125 0.2965277777777778 0.32109375 0.2951388888888889 0.32109375 0.26875 0.315625 0.24791666666666667 0.315625 0.23958333333333334 0.31640625 0.23819444444444443 0.315234375 0.2361111111111111 0.310546875 0.2361111111111111 0.31015625 0.24791666666666667 0.3078125 0.2604166666666667 0.3078125 0.2673611111111111 0.31171875 0.2881944444444444 0.31171875 0.30625 0.3109375 0.3076388888888889 0.312109375 0.3111111111111111 0.31640625 0.3104166666666667 0.31953125 0.30625 0.3203125 0.3020833333333333
1 0.29609375 0.30486111111111114 0.296875 0.27569444444444446 0.29296875 0.2604166666666667 0.29140625 0.25763888888888886 0.29140625 0.24513888888888888 0.29296875 0.23819444444444443 0.291015625 0.23472222222222222 0.285546875 0.23472222222222222 0.2828125 0.23680555555555555 0.28515625 0.2465277777777778 0.28515625 0.2548611111111111 0.28125 0.27291666666666664 0.284375 0.2798611111111111 0.284375 0.28680555555555554 0.28671875 0.3020833333333333 0.2859375 0.3145833333333333 0.289453125 0.31805555555555554 0.29140625 0.3173611111111111 0.29453125 0.31319444444444444 0.29609375 0.30486111111111114
0 0.54453125 0.5006944444444444 0.538671875 0.48194444444444445 0.522265625 0.4736111111111111 0.515234375 0.4777777777777778 0.5078125 0.49236111111111114 0.50703125 0.5173611111111112 0.519140625 0.5430555555555555 0.53046875 0.54375 0.5421875 0.5256944444444445 0.54453125 0.5006944444444444