1 0.5265625 0.3451388888888889 0.53046875 0.28680555555555554 0.51640625 0.22430555555555556 0.51953125 0.15486111111111112 0.497265625 0.1527777777777778 0.49921875 0.22152777777777777 0.4875 0.27291666666666664 0.4859375 0.3145833333333333 0.49609375 0.3729166666666667 0.501171875 0.37916666666666665 0.51328125 0.3798611111111111 0.51953125 0.37430555555555556 0.5265625 0.3451388888888889
1 0.59140625 0.3020833333333333 0.590625 0.2590277777777778 0.578125 0.2048611111111111 0.579296875 0.1527777777777778 0.559375 0.15486111111111112 0.5609375 0.20902777777777778 0.54765625 0.27847222222222223 0.55 0.3145833333333333 0.55703125 0.34930555555555554 0.561328125 0.3597222222222222 0.56953125 0.36041666666666666 0.5828125 0.35347222222222224 0.59140625 0.3020833333333333
1 0.453125 0.23819444444444443 0.45546875 0.15902777777777777 0.452734375 0.1527777777777778 0.435546875 0.1527777777777778 0.4328125 0.16875 0.43671875 0.20625 0.43515625 0.24097222222222223 0.4234375 0.2923611111111111 0.42265625 0.3076388888888889 0.446484375 0.31805555555555554 0.4640625 0.3506944444444444 0.46328125 0.29375 0.453125 0.23819444444444443
1 0.384375 0.38263888888888886 0.38828125 0.35208333333333336 0.40390625 0.3145833333333333 0.390625 0.2590277777777778 0.39453125 0.18819444444444444 0.39140625 0.16875 0.386328125 0.16111111111111112 0.376953125 0.1625 0.3703125 0.17708333333333334 0.37265625 0.2534722222222222 0.35859375 0.31875 0.35859375 0.34930555555555554 0.36484375 0.40069444444444446 0.369921875 0.4125 0.38125 0.4131944444444444 0.3859375 0.41041666666666665 0.384375 0.38263888888888886
1 0.35546875 0.3284722222222222 0.34921875 0.26875 0.340625 0.23819444444444443 0.34296875 0.16041666666666668 0.337890625 0.15138888888888888 0.324609375 0.15138888888888888 0.31953125 0.1673611111111111 0.32265625 0.24097222222222223 0.31328125 0.27708333333333335 0.30859375 0.32708333333333334 0.3203125 0.3923611111111111 0.33515625 0.39652777777777776 0.34453125 0.38958333333333334 0.35546875 0.3284722222222222
1 0.30625 0.3020833333333333 0.303125 0.26458333333333334 0.2921875 0.22291666666666668 0.2953125 0.15763888888888888 0.292578125 0.15138888888888888 0.273046875 0.15138888888888888 0.275 0.22013888888888888 0.26171875 0.2798611111111111 0.26171875 0.31875 0.27265625 0.3701388888888889 0.278515625 0.3763888888888889 0.29140625 0.37569444444444444 0.296875 0.36875 0.30625 0.3020833333333333
1 0.25625 0.3173611111111111 0.25859375 0.26319444444444445 0.24453125 0.20208333333333334 0.24609375 0.15486111111111112 0.243359375 0.15 0.227734375 0.15 0.225 0.15347222222222223 0.22734375 0.20347222222222222 0.215625 0.25625 0.21484375 0.2951388888888889 0.225 0.3506944444444444 0.231640625 0.35694444444444445 0.24375 0.35625 0.24921875 0.3506944444444444 0.25625 0.3173611111111111
1 0.36953125 0.2659722222222222 0.365625 0.23819444444444443 0.35625 0.2048611111111111 0.3578125 0.15486111111111112 0.344921875 0.15138888888888888 0.3421875 0.15486111111111112 0.34453125 0.18125 0.34140625 0.2326388888888889 0.35234375 0.28541666666666665 0.35546875 0.32430555555555557 0.353125 0.3506944444444444 0.35703125 0.3506944444444444 0.359375 0.3076388888888889 0.36953125 0.2659722222222222
1 0.41640625 0.2701388888888889 0.4046875 0.22291666666666668 0.4078125 0.15486111111111112 0.386328125 0.15138888888888888 0.38359375 0.16041666666666668 0.390625 0.16458333333333333 0.39453125 0.18819444444444444 0.39140625 0.2548611111111111 0.4046875 0.3173611111111111 0.41875 0.30486111111111114 0.41640625 0.2701388888888889
1 0.48046875 0.27152777777777776 0.46796875 0.2076388888888889 0.46953125 0.15347222222222223 0.458984375 0.15138888888888888 0.4546875 0.15347222222222223 0.45390625 0.24097222222222223 0.4640625 0.2965277777777778 0.46484375 0.35208333333333336 0.4671875 0.35625 0.478125 0.3159722222222222 0.48046875 0.27152777777777776
0 0.4578125 0.42986111111111114 0.46640625 0.3951388888888889 0.46640625 0.36875 0.46171875 0.3451388888888889 0.452734375 0.3263888888888889 0.438671875 0.3125 0.418359375 0.30972222222222223 0.405078125 0.3194444444444444 0.39453125 0.33541666666666664 0.3875 0.35625 0.384375 0.3854166666666667 0.38671875 0.40902777777777777 0.399609375 0.44027777777777777 0.419921875 0.4597222222222222 0.428125 0.45902777777777776 0.447265625 0.44583333333333336 0.4578125 0.42986111111111114