1 0.4125 0.6726851851851852 0.41302083333333334 0.6532407407407408 0.4109375 0.6365740740740741 0.4005208333333333 0.6050925925925926 0.4005208333333333 0.5578703703703703 0.3966145833333333 0.55 0.38984375 0.5472222222222223 0.38619791666666664 0.55 0.38229166666666664 0.5606481481481481 0.3875 0.6097222222222223 0.38125 0.6402777777777777 0.3807291666666667 0.6643518518518519 0.39010416666666664 0.700462962962963 0.39505208333333336 0.7074074074074074 0.4010416666666667 0.7069444444444445 0.4083333333333333 0.6967592592592593 0.4125 0.6726851851851852
1 0.3651041666666667 0.6782407407407407 0.36770833333333336 0.6587962962962963 0.36770833333333336 0.6365740740740741 0.36354166666666665 0.6171296296296296 0.3546875 0.5939814814814814 0.35260416666666666 0.5458333333333333 0.34921875 0.537962962962963 0.34348958333333335 0.5351851851851852 0.3377604166666667 0.5388888888888889 0.334375 0.5476851851851852 0.3411458333333333 0.5995370370370371 0.33541666666666664 0.6291666666666667 0.33541666666666664 0.6476851851851851 0.34322916666666664 0.6800925925925926 0.3497395833333333 0.6925925925925925 0.35572916666666665 0.6930555555555555 0.3611979166666667 0.6898148148148148 0.3651041666666667 0.6782407407407407
1 0.33697916666666666 0.7523148148148148 0.3411458333333333 0.7226851851851852 0.3411458333333333 0.7013888888888888 0.33541666666666664 0.6754629629629629 0.3260416666666667 0.6560185185185186 0.3265625 0.6226851851851852 0.3223958333333333 0.6013888888888889 0.3190104166666667 0.5925925925925926 0.31328125 0.5879629629629629 0.3065104166666667 0.5935185185185186 0.3020833333333333 0.6060185185185185 0.3026041666666667 0.6189814814814815 0.3098958333333333 0.6578703703703703 0.30416666666666664 0.6939814814814815 0.30416666666666664 0.7152777777777778 0.30885416666666665 0.736574074074074 0.31666666666666665 0.7560185185185185 0.32109375 0.762962962962963 0.32760416666666664 0.763425925925926 0.33307291666666666 0.7601851851851852 0.33697916666666666 0.7523148148148148
1 0.3770833333333333 0.5939814814814814 0.3802083333333333 0.5597222222222222 0.3765625 0.5393518518518519 0.36875 0.5226851851851851 0.3671875 0.47453703703703703 0.36380208333333336 0.4685185185185185 0.35703125 0.4675925925925926 0.353125 0.47638888888888886 0.3536458333333333 0.4949074074074074 0.3578125 0.5189814814814815 0.353125 0.5458333333333333 0.353125 0.5652777777777778 0.35520833333333335 0.5791666666666667 0.3625 0.600462962962963 0.3697916666666667 0.6041666666666666 0.37473958333333335 0.600925925925926 0.3770833333333333 0.5939814814814814
1 0.3328125 0.5856481481481481 0.33489583333333334 0.5699074074074074 0.3338541666666667 0.5449074074074074 0.3229166666666667 0.513425925925926 0.31979166666666664 0.4708333333333333 0.31536458333333334 0.4648148148148148 0.31015625 0.4648148148148148 0.30625 0.4699074074074074 0.30520833333333336 0.47824074074074074 0.3109375 0.5097222222222222 0.3109375 0.5587962962962963 0.3151041666666667 0.5856481481481481 0.3221354166666667 0.5990740740740741 0.32395833333333335 0.5986111111111111 0.3294270833333333 0.5962962962962963 0.3328125 0.5856481481481481
1 0.28541666666666665 0.6458333333333334 0.2859375 0.6078703703703704 0.2828125 0.5939814814814814 0.2713541666666667 0.5689814814814815 0.2677083333333333 0.5226851851851851 0.2643229166666667 0.5157407407407407 0.25807291666666665 0.512962962962963 0.25104166666666666 0.5208333333333334 0.25052083333333336 0.5319444444444444 0.2578125 0.5708333333333333 0.2557291666666667 0.5949074074074074 0.25833333333333336 0.6189814814814815 0.2703125 0.6439814814814815 0.27447916666666666 0.6597222222222222 0.2791666666666667 0.6606481481481481 0.2828125 0.6560185185185186 0.28541666666666665 0.6458333333333334
1 0.27447916666666666 0.7097222222222223 0.2765625 0.6875 0.2760416666666667 0.6643518518518519 0.2713541666666667 0.6467592592592593 0.25833333333333336 0.6208333333333333 0.25364583333333335 0.5708333333333333 0.24817708333333333 0.562037037037037 0.24244791666666668 0.5611111111111111 0.23776041666666667 0.5648148148148148 0.23541666666666666 0.5717592592592593 0.2359375 0.5856481481481481 0.24375 0.6273148148148148 0.24010416666666667 0.6532407407407408 0.24010416666666667 0.6773148148148148 0.2453125 0.6976851851851852 0.2520833333333333 0.7125 0.25859375 0.7222222222222222 0.2640625 0.7226851851851852 0.27109375 0.7175925925925926 0.27447916666666666 0.7097222222222223
1 0.19791666666666666 0.5458333333333333 0.1953125 0.5078703703703704 0.19088541666666667 0.49537037037037035 0.18255208333333334 0.4935185185185185 0.17708333333333334 0.500462962962963 0.17604166666666668 0.5106481481481482 0.18541666666666667 0.5504629629629629 0.18385416666666668 0.5662037037037037 0.19427083333333334 0.5680555555555555 0.196875 0.5662037037037037 0.19791666666666666 0.5458333333333333
1 0.23489583333333333 0.5791666666666667 0.23020833333333332 0.5171296296296296 0.22630208333333332 0.5064814814814815 0.21744791666666666 0.5037037037037037 0.2125 0.5106481481481482 0.21145833333333333 0.5217592592592593 0.21770833333333334 0.5449074074074074 0.2203125 0.5652777777777778 0.21875 0.5699074074074074 0.21927083333333333 0.5930555555555556 0.2234375 0.6069444444444444 0.23567708333333334 0.6287037037037037 0.23802083333333332 0.6282407407407408 0.24166666666666667 0.6208333333333333 0.23489583333333333 0.5791666666666667
1 0.17916666666666667 0.538425925925926 0.17317708333333334 0.5277777777777778 0.16328125 0.5296296296296297 0.15885416666666666 0.538425925925926 0.15885416666666666 0.549537037037037 0.16484375 0.5638888888888889 0.17395833333333333 0.5680555555555555 0.18072916666666666 0.5652777777777778 0.17916666666666667 0.538425925925926
1 0.23697916666666666 0.6337962962962963 0.23385416666666667 0.6236111111111111 0.2203125 0.600462962962963 0.2171875 0.5578703703703703 0.2140625 0.5467592592592593 0.20859375 0.5416666666666666 0.20026041666666666 0.5435185185185185 0.19635416666666666 0.5513888888888889 0.19635416666666666 0.5652777777777778 0.20885416666666667 0.5800925925925926 0.209375 0.6087962962962963 0.20729166666666668 0.6208333333333333 0.20885416666666667 0.6282407407407408 0.21145833333333333 0.6365740740740741 0.2265625 0.6615740740740741 0.2328125 0.6893518518518519 0.2359375 0.6912037037037037 0.2390625 0.6689814814814815 0.23697916666666666 0.6337962962962963
1 0.459375 0.7041666666666667 0.4625 0.6689814814814815 0.459375 0.6504629629629629 0.4510416666666667 0.625462962962963 0.4515625 0.5717592592592593 0.44817708333333334 0.5648148148148148 0.44192708333333336 0.5611111111111111 0.43671875 0.5648148148148148 0.43385416666666665 0.5726851851851852 0.43854166666666666 0.6273148148148148 0.43072916666666666 0.6541666666666667 0.4296875 0.6791666666666667 0.4322916666666667 0.6976851851851852 0.4390625 0.7189814814814814 0.4434895833333333 0.725 0.44947916666666665 0.725462962962963 0.4552083333333333 0.7199074074074074 0.459375 0.7041666666666667
1 0.5598958333333334 0.9291666666666667 0.5661458333333333 0.899537037037037 0.5651041666666666 0.8680555555555556 0.5552083333333333 0.8375 0.5604166666666667 0.7736111111111111 0.5549479166666667 0.7583333333333333 0.54609375 0.7527777777777778 0.5393229166666667 0.7574074074074074 0.5348958333333333 0.7671296296296296 0.5338541666666666 0.7893518518518519 0.5364583333333334 0.8078703703703703 0.5359375 0.8310185185185185 0.5255208333333333 0.8550925925925926 0.5208333333333334 0.8847222222222222 0.5229166666666667 0.9143518518518519 0.5307291666666667 0.9412037037037037 0.5372395833333333 0.9527777777777777 0.5458333333333333 0.9541666666666667 0.5497395833333333 0.950925925925926 0.5598958333333334 0.9291666666666667
1 0.6338541666666667 0.9625 0.640625 0.9291666666666667 0.6395833333333333 0.9041666666666667 0.6328125 0.8671296296296296 0.64375 0.8097222222222222 0.640625 0.7967592592592593 0.6356770833333333 0.787962962962963 0.6294270833333333 0.7842592592592592 0.6177083333333333 0.7949074074074074 0.6119791666666666 0.8634259259259259 0.6 0.8800925925925925 0.5921875 0.9097222222222222 0.5921875 0.9412037037037037 0.5973958333333333 0.9699074074074074 0.60390625 0.987037037037037 0.6145833333333334 0.9912037037037037 0.6216145833333333 0.9842592592592593 0.6338541666666667 0.9625
1 0.6890625 1 0.696875 0.9893518518518518 0.7020833333333333 0.9689814814814814 0.703125 0.9384259259259259 0.696875 0.899537037037037 0.7104166666666667 0.8486111111111111 0.7104166666666667 0.8337962962962963 0.7078125 0.8245370370370371 0.70234375 0.8148148148148148 0.6955729166666667 0.8111111111111111 0.6872395833333333 0.812962962962963 0.6822916666666666 0.8208333333333333 0.6791666666666667 0.8375 0.678125 0.8726851851851852 0.675 0.8875 0.6583333333333333 0.9097222222222222 0.6510416666666666 0.9412037037037037 0.6520833333333333 0.9736111111111111 0.6580729166666667 1 0.6890625 1
1 0.6723958333333333 0.7763888888888889 0.6822916666666666 0.7421296296296296 0.6822916666666666 0.7180555555555556 0.6770833333333334 0.6884259259259259 0.6796875 0.6662037037037037 0.6848958333333334 0.6486111111111111 0.6859375 0.6328703703703704 0.6838541666666667 0.6236111111111111 0.6768229166666667 0.6157407407407407 0.66953125 0.6175925925925926 0.6645833333333333 0.6273148148148148 0.6640625 0.6560185185185186 0.6609375 0.6837962962962963 0.6484375 0.7087962962962963 0.6447916666666667 0.7273148148148149 0.6447916666666667 0.7513888888888889 0.6484375 0.7773148148148148 0.6518229166666667 0.7861111111111111 0.6598958333333333 0.7912037037037037 0.66640625 0.787962962962963 0.6723958333333333 0.7763888888888889
1 0.7463541666666667 0.7560185185185185 0.7463541666666667 0.736574074074074 0.7421875 0.7013888888888888 0.7494791666666667 0.674537037037037 0.7515625 0.6486111111111111 0.7505208333333333 0.6421296296296296 0.7434895833333334 0.6333333333333333 0.73671875 0.6342592592592593 0.7317708333333334 0.6421296296296296 0.728125 0.6856481481481481 0.725 0.6995370370370371 0.7098958333333333 0.7263888888888889 0.7057291666666666 0.7458333333333333 0.7052083333333333 0.7671296296296296 0.7098958333333333 0.8004629629629629 0.7174479166666666 0.8092592592592592 0.7260416666666667 0.8097222222222222 0.7395833333333334 0.7875 0.7463541666666667 0.7560185185185185
1 0.6130208333333333 0.7476851851851852 0.6114583333333333 0.7106481481481481 0.6135416666666667 0.6773148148148148 0.6234375 0.624537037037037 0.6208333333333333 0.6087962962962963 0.6122395833333333 0.6018518518518519 0.6041666666666666 0.611574074074074 0.6026041666666667 0.6199074074074075 0.6026041666666667 0.6625 0.5921875 0.6902777777777778 0.5880208333333333 0.7106481481481481 0.5880208333333333 0.7328703703703704 0.5932291666666667 0.7625 0.5981770833333333 0.7703703703703704 0.6057291666666667 0.7717592592592593 0.6098958333333333 0.7662037037037037 0.6130208333333333 0.7476851851851852
1 0.5651041666666666 0.7078703703703704 0.5645833333333333 0.6828703703703703 0.5567708333333333 0.6486111111111111 0.5604166666666667 0.5995370370370371 0.5572916666666666 0.5884259259259259 0.55234375 0.5842592592592593 0.5455729166666666 0.5861111111111111 0.540625 0.5986111111111111 0.5395833333333333 0.6180555555555556 0.5421875 0.6310185185185185 0.5421875 0.649537037037037 0.5338541666666666 0.6736111111111112 0.5307291666666667 0.6939814814814815 0.53125 0.7125 0.5375 0.7430555555555556 0.54140625 0.7509259259259259 0.55 0.7523148148148148 0.5572916666666666 0.7412037037037037 0.5651041666666666 0.7078703703703704
1 0.309375 0.6532407407407408 0.3020833333333333 0.6162037037037037 0.3020833333333333 0.6069444444444444 0.3059895833333333 0.5944444444444444 0.3138020833333333 0.5898148148148148 0.3145833333333333 0.5856481481481481 0.31145833333333334 0.5652777777777778 0.3104166666666667 0.5347222222222222 0.30755208333333334 0.5268518518518519 0.30026041666666664 0.525 0.2950520833333333 0.5296296296296297 0.29270833333333335 0.5375 0.2994791666666667 0.5828703703703704 0.2953125 0.611574074074074 0.2947916666666667 0.6347222222222222 0.2994791666666667 0.6560185185185186 0.3067708333333333 0.6717592592592593 0.309375 0.6643518518518519 0.309375 0.6532407407407408
1 0.19010416666666666 0.7180555555555556 0.1921875 0.6976851851851852 0.19010416666666666 0.6652777777777777 0.1859375 0.6523148148148148 0.17135416666666667 0.6291666666666667 0.16640625 0.6074074074074074 0.15859375 0.5981481481481481 0.14505208333333333 0.5925925925925926 0.15572916666666667 0.6347222222222222 0.1515625 0.663425925925926 0.15364583333333334 0.6939814814814815 0.1578125 0.7069444444444445 0.16953125 0.7268518518518519 0.17760416666666667 0.7310185185185185 0.18619791666666666 0.725925925925926 0.19010416666666666 0.7180555555555556
1 0.49322916666666666 0.8476851851851852 0.5 0.8245370370370371 0.5026041666666666 0.8060185185185185 0.5010416666666667 0.7763888888888889 0.49114583333333334 0.7467592592592592 0.49322916666666666 0.6893518518518519 0.48671875 0.675 0.47239583333333335 0.7050925925925926 0.4739583333333333 0.725462962962963 0.47239583333333335 0.7513888888888889 0.46510416666666665 0.7726851851851851 0.4625 0.788425925925926 0.4625 0.8125 0.4666666666666667 0.8347222222222223 0.4752604166666667 0.8574074074074074 0.4828125 0.861574074074074 0.48828125 0.8583333333333333 0.49322916666666666 0.8476851851851852
1 0.7578125 0.8930555555555556 0.7625 0.8819444444444444 0.7666666666666667 0.861574074074074 0.7671875 0.8412037037037037 0.7630208333333334 0.8060185185185185 0.7677083333333333 0.7773148148148148 0.7755208333333333 0.749537037037037 0.7760416666666666 0.736574074074074 0.775 0.7300925925925926 0.7658854166666667 0.7185185185185186 0.75703125 0.7185185185185186 0.7515625 0.7263888888888889 0.7484375 0.7393518518518518 0.7473958333333334 0.763425925925926 0.7432291666666667 0.788425925925926 0.7260416666666667 0.8143518518518519 0.71875 0.8430555555555556 0.7182291666666667 0.8662037037037037 0.7223958333333333 0.9004629629629629 0.72890625 0.912962962962963 0.7390625 0.9171296296296296 0.7466145833333333 0.9111111111111111 0.7578125 0.8930555555555556
1 0.809375 0.7763888888888889 0.8098958333333334 0.7532407407407408 0.8067708333333333 0.7236111111111111 0.8088541666666667 0.7097222222222223 0.8208333333333333 0.6699074074074074 0.81875 0.6560185185185186 0.8122395833333333 0.6472222222222223 0.80390625 0.6462962962962963 0.796875 0.6550925925925926 0.7916666666666666 0.700462962962963 0.7885416666666667 0.7125 0.7765625 0.7291666666666666 0.7760416666666666 0.7476851851851852 0.7661458333333333 0.788425925925926 0.7661458333333333 0.8032407407407407 0.76875 0.8152777777777778 0.77578125 0.8240740740740741 0.7848958333333333 0.8263888888888888 0.8026041666666667 0.8004629629629629 0.809375 0.7763888888888889
1 0.5317708333333333 0.6347222222222222 0.5302083333333333 0.6180555555555556 0.5223958333333333 0.5930555555555556 0.5239583333333333 0.5615740740740741 0.52265625 0.5546296296296296 0.5098958333333333 0.6032407407407407 0.5067708333333333 0.624537037037037 0.5088541666666667 0.6532407407407408 0.515625 0.6810185185185185 0.5203125 0.6837962962962963 0.5286458333333334 0.6625 0.5317708333333333 0.6347222222222222
1 0.23072916666666668 0.7263888888888889 0.2328125 0.700462962962963 0.23072916666666668 0.6773148148148148 0.225 0.6578703703703703 0.2109375 0.6356481481481482 0.20755208333333333 0.6222222222222222 0.19609375 0.6203703703703703 0.19244791666666666 0.6129629629629629 0.19114583333333332 0.6208333333333333 0.1953125 0.638425925925926 0.1921875 0.6699074074074074 0.19375 0.700462962962963 0.20911458333333333 0.7333333333333333 0.2171875 0.7393518518518518 0.22526041666666666 0.7361111111111112 0.23072916666666668 0.7263888888888889