1 0.6776041666666667 0.5097222222222222 0.6796875 0.4689814814814815 0.6713541666666667 0.4393518518518518 0.6713541666666667 0.4263888888888889 0.66640625 0.42407407407407405 0.6630208333333333 0.4263888888888889 0.6640625 0.4393518518518518 0.6588541666666666 0.45416666666666666 0.6552083333333333 0.48194444444444445 0.6614583333333334 0.5208333333333334 0.6653645833333334 0.525 0.6713541666666667 0.524537037037037 0.6755208333333333 0.5199074074074074 0.6776041666666667 0.5097222222222222
1 0.6458333333333334 0.4847222222222222 0.6385416666666667 0.45046296296296295 0.6390625 0.42824074074074076 0.6361979166666667 0.42407407407407405 0.6309895833333333 0.42407407407407405 0.6276041666666666 0.42916666666666664 0.628125 0.449537037037037 0.6208333333333333 0.48194444444444445 0.6208333333333333 0.5023148148148148 0.6265625 0.5319444444444444 0.63046875 0.5361111111111111 0.6380208333333334 0.5356481481481481 0.6453125 0.5078703703703704 0.6458333333333334 0.4847222222222222
1 0.6104166666666667 0.5115740740740741 0.6088541666666667 0.48842592592592593 0.6026041666666667 0.4597222222222222 0.6041666666666666 0.425462962962963 0.60078125 0.42407407407407405 0.5911458333333334 0.4263888888888889 0.5927083333333333 0.46064814814814814 0.5848958333333333 0.500462962962963 0.5859375 0.5171296296296296 0.590625 0.5310185185185186 0.5921875 0.5449074074074074 0.5984375 0.5476851851851852 0.6041666666666666 0.5449074074074074 0.6104166666666667 0.5115740740740741
1 0.6182291666666667 0.47824074074074074 0.609375 0.4273148148148148 0.6044270833333333 0.425 0.6026041666666667 0.4263888888888889 0.6020833333333333 0.45416666666666666 0.6119791666666666 0.5152777777777777 0.6177083333333333 0.4949074074074074 0.6182291666666667 0.47824074074074074
1 0.5838541666666667 0.48564814814814816 0.5760416666666667 0.4486111111111111 0.5760416666666667 0.4263888888888889 0.57265625 0.42407407407407405 0.5703125 0.4263888888888889 0.5671875 0.47175925925925927 0.5739583333333333 0.5023148148148148 0.5739583333333333 0.5300925925925926 0.5770833333333333 0.5337962962962963 0.5828125 0.5106481481481482 0.5838541666666667 0.48564814814814816
1 0.5739583333333333 0.5300925925925926 0.5734375 0.5023148148148148 0.5666666666666667 0.46620370370370373 0.5697916666666667 0.43842592592592594 0.5690104166666666 0.425 0.55625 0.4263888888888889 0.5583333333333333 0.4671296296296296 0.55 0.5023148148148148 0.5505208333333333 0.5300925925925926 0.5541666666666667 0.549537037037037 0.55703125 0.5574074074074075 0.5619791666666667 0.5587962962962963 0.5692708333333333 0.5560185185185185 0.5739583333333333 0.5300925925925926
1 0.5479166666666667 0.4263888888888889 0.5440104166666667 0.425 0.5395833333333333 0.4449074074074074 0.5390625 0.4597222222222222 0.5494791666666666 0.5041666666666667 0.5567708333333333 0.4671296296296296 0.5479166666666667 0.4263888888888889
1 0.5473958333333333 0.5171296296296296 0.546875 0.48842592592592593 0.5401041666666667 0.4615740740740741 0.5427083333333333 0.4263888888888889 0.5299479166666666 0.42407407407407405 0.5286458333333334 0.4337962962962963 0.5307291666666667 0.46064814814814814 0.5229166666666667 0.48842592592592593 0.5223958333333333 0.5143518518518518 0.5239583333333333 0.5236111111111111 0.528125 0.5300925925925926 0.5296875 0.5439814814814815 0.53203125 0.5472222222222223 0.5385416666666667 0.5467592592592593 0.54375 0.5393518518518519 0.5473958333333333 0.5171296296296296
1 0.5192708333333333 0.5115740740740741 0.5208333333333334 0.4875 0.5125 0.449537037037037 0.5135416666666667 0.425462962962963 0.50546875 0.42314814814814816 0.5026041666666666 0.425462962962963 0.5036458333333333 0.4476851851851852 0.49635416666666665 0.4773148148148148 0.4953125 0.5023148148148148 0.5005208333333333 0.5310185185185186 0.5049479166666667 0.5361111111111111 0.5114583333333333 0.5356481481481481 0.5145833333333333 0.5319444444444444 0.5192708333333333 0.5115740740740741
1 0.4942708333333333 0.5023148148148148 0.4953125 0.4699074074074074 0.48802083333333335 0.4393518518518518 0.48802083333333335 0.425462962962963 0.48203125 0.4222222222222222 0.478125 0.425462962962963 0.478125 0.44027777777777777 0.47239583333333335 0.46064814814814814 0.4708333333333333 0.4837962962962963 0.47604166666666664 0.5199074074074074 0.47994791666666664 0.524074074074074 0.4869791666666667 0.5236111111111111 0.490625 0.5189814814814815 0.4942708333333333 0.5023148148148148
0 0.5755208333333334 0.7893518518518519 0.5802083333333333 0.7699074074074074 0.5802083333333333 0.7532407407407408 0.5755208333333334 0.7337962962962963 0.56796875 0.7203703703703703 0.55703125 0.7138888888888889 0.5481770833333334 0.7138888888888889 0.5403645833333334 0.7185185185185186 0.5317708333333333 0.7310185185185185 0.5265625 0.7523148148148148 0.5265625 0.7680555555555556 0.53125 0.7902777777777777 0.5419270833333333 0.8092592592592592 0.5578125 0.8134259259259259 0.56484375 0.8083333333333333 0.5755208333333334 0.7893518518518519