1 0.7578125 0.3773148148148148 0.7546875 0.35324074074074074 0.746875 0.32083333333333336 0.7458333333333333 0.28935185185185186 0.74140625 0.28055555555555556 0.7361979166666667 0.28055555555555556 0.73359375 0.2759259259259259 0.7328125 0.2847222222222222 0.7302083333333333 0.28935185185185186 0.7302083333333333 0.32083333333333336 0.7203125 0.36435185185185187 0.7197916666666667 0.39861111111111114 0.7265625 0.44027777777777777 0.73515625 0.45 0.7427083333333333 0.449537037037037 0.7515625 0.43842592592592594 0.7578125 0.3773148148148148
1 0.7041666666666667 0.425462962962963 0.7052083333333333 0.38287037037037036 0.69375 0.3347222222222222 0.6947916666666667 0.2902777777777778 0.6783854166666666 0.287962962962963 0.6760416666666667 0.2912037037037037 0.6760416666666667 0.2967592592592593 0.6786458333333333 0.31342592592592594 0.6786458333333333 0.3337962962962963 0.6671875 0.3763888888888889 0.6666666666666666 0.4152777777777778 0.6708333333333333 0.43842592592592594 0.6786458333333333 0.4513888888888889 0.6786458333333333 0.4634259259259259 0.68046875 0.4666666666666667 0.6911458333333333 0.4671296296296296 0.6958333333333333 0.4625 0.7041666666666667 0.425462962962963
1 0.646875 0.4532407407407407 0.6489583333333333 0.4050925925925926 0.6390625 0.3523148148148148 0.6421875 0.29305555555555557 0.6393229166666666 0.28888888888888886 0.62734375 0.28888888888888886 0.6213541666666667 0.29212962962962963 0.6255208333333333 0.3421296296296296 0.6244791666666667 0.35324074074074074 0.6135416666666667 0.3921296296296296 0.6125 0.43287037037037035 0.6140625 0.44212962962962965 0.6255208333333333 0.4625 0.6239583333333333 0.4810185185185185 0.6278645833333333 0.4842592592592593 0.6375 0.4837962962962963 0.6427083333333333 0.47638888888888886 0.646875 0.4532407407407407
1 0.6625 0.4097222222222222 0.6640625 0.3736111111111111 0.6536458333333334 0.32175925925925924 0.653125 0.29212962962962963 0.6450520833333333 0.28888888888888886 0.6416666666666667 0.29305555555555557 0.6427083333333333 0.30787037037037035 0.6385416666666667 0.32731481481481484 0.6385416666666667 0.3421296296296296 0.6505208333333333 0.4060185185185185 0.6505208333333333 0.4263888888888889 0.6473958333333333 0.44675925925925924 0.6520833333333333 0.4476851851851852 0.6567708333333333 0.4375 0.6625 0.4097222222222222
1 0.5890625 0.4930555555555556 0.5947916666666667 0.46435185185185185 0.5958333333333333 0.4337962962962963 0.59375 0.4041666666666667 0.5833333333333334 0.3541666666666667 0.5875 0.32731481481481484 0.5869791666666667 0.2949074074074074 0.58359375 0.29074074074074074 0.57109375 0.29074074074074074 0.5666666666666667 0.2949074074074074 0.5651041666666666 0.30324074074074076 0.56875 0.34120370370370373 0.56875 0.3699074074074074 0.559375 0.4134259259259259 0.5583333333333333 0.44027777777777777 0.5609375 0.46620370370370373 0.5671875 0.49398148148148147 0.5721354166666667 0.5009259259259259 0.58125 0.5013888888888889 0.5861979166666667 0.5 0.5890625 0.4930555555555556
1 0.5484375 0.46805555555555556 0.5552083333333333 0.4236111111111111 0.5546875 0.3976851851851852 0.5442708333333334 0.35694444444444445 0.5411458333333333 0.35138888888888886 0.5416666666666666 0.33287037037037037 0.5484375 0.29305555555555557 0.54140625 0.29074074074074074 0.52734375 0.2916666666666667 0.5234375 0.2949074074074074 0.5270833333333333 0.3523148148148148 0.5192708333333333 0.3773148148148148 0.515625 0.4050925925925926 0.515625 0.43472222222222223 0.5223958333333333 0.475462962962963 0.5268229166666667 0.4842592592592593 0.5354166666666667 0.4847222222222222 0.5424479166666667 0.4824074074074074 0.5484375 0.46805555555555556
1 0.5067708333333333 0.4532407407407407 0.5114583333333333 0.42453703703703705 0.5130208333333334 0.38842592592592595 0.50625 0.3476851851851852 0.5036458333333333 0.3421296296296296 0.5041666666666667 0.29305555555555557 0.4856770833333333 0.29259259259259257 0.48333333333333334 0.2967592592592593 0.48541666666666666 0.33564814814814814 0.48125 0.34953703703703703 0.48072916666666665 0.3625 0.47604166666666664 0.38564814814814813 0.47604166666666664 0.4263888888888889 0.4828125 0.46064814814814814 0.48671875 0.4666666666666667 0.4973958333333333 0.46620370370370373 0.5018229166666667 0.4648148148148148 0.5067708333333333 0.4532407407407407
1 0.47239583333333335 0.41435185185185186 0.475 0.38564814814814813 0.4739583333333333 0.3680555555555556 0.4630208333333333 0.32083333333333336 0.4630208333333333 0.29305555555555557 0.4471354166666667 0.29259259259259257 0.44375 0.2986111111111111 0.44427083333333334 0.32083333333333336 0.43333333333333335 0.36898148148148147 0.43385416666666665 0.4078703703703704 0.43802083333333336 0.43287037037037035 0.44244791666666666 0.4462962962962963 0.46041666666666664 0.449537037037037 0.4671875 0.44027777777777777 0.47239583333333335 0.41435185185185186
1 0.60625 0.43657407407407406 0.6098958333333333 0.3912037037037037 0.5973958333333333 0.3337962962962963 0.5979166666666667 0.29305555555555557 0.58828125 0.29074074074074074 0.5848958333333333 0.29398148148148145 0.5875 0.3226851851851852 0.5838541666666667 0.3578703703703704 0.5854166666666667 0.3680555555555556 0.5916666666666667 0.3763888888888889 0.5921875 0.3912037037037037 0.5958333333333333 0.39490740740740743 0.5979166666666667 0.41805555555555557 0.5953125 0.4597222222222222 0.596875 0.46435185185185185 0.6005208333333333 0.4615740740740741 0.60625 0.43657407407407406
1 0.5661458333333333 0.38472222222222224 0.5677083333333334 0.35509259259259257 0.559375 0.3282407407407407 0.55625 0.29305555555555557 0.5518229166666667 0.29074074074074074 0.5484375 0.2949074074074074 0.54375 0.3143518518518518 0.5411458333333333 0.34953703703703703 0.5463541666666667 0.37546296296296294 0.553125 0.3912037037037037 0.5552083333333333 0.4050925925925926 0.5546875 0.4337962962962963 0.5572916666666666 0.43842592592592594 0.5583333333333333 0.41435185185185186 0.5661458333333333 0.38472222222222224
0 0.6645833333333333 0.6402777777777777 0.6692708333333334 0.6097222222222223 0.6677083333333333 0.5875 0.6578125 0.5597222222222222 0.64765625 0.5462962962962963 0.6361979166666667 0.5416666666666666 0.6200520833333333 0.5435185185185185 0.6106770833333334 0.5509259259259259 0.6010416666666667 0.5662037037037037 0.59375 0.5856481481481481 0.5921875 0.6069444444444444 0.596875 0.6356481481481482 0.6044270833333333 0.6555555555555556 0.6200520833333333 0.6759259259259259 0.6338541666666667 0.6782407407407407 0.64921875 0.6703703703703704 0.6645833333333333 0.6402777777777777