1 0.346875 0.45416666666666666 0.35104166666666664 0.43287037037037035 0.3515625 0.41435185185185186 0.34322916666666664 0.3763888888888889 0.3453125 0.33287037037037037 0.3424479166666667 0.3287037037037037 0.3346354166666667 0.3287037037037037 0.33125 0.33564814814814814 0.334375 0.37175925925925923 0.32708333333333334 0.4041666666666667 0.3260416666666667 0.42268518518518516 0.33125 0.4587962962962963 0.3346354166666667 0.4638888888888889 0.340625 0.4634259259259259 0.34453125 0.46111111111111114 0.346875 0.45416666666666666
1 0.3770833333333333 0.45231481481481484 0.37864583333333335 0.42083333333333334 0.37083333333333335 0.3837962962962963 0.3723958333333333 0.33935185185185185 0.3690104166666667 0.3314814814814815 0.36484375 0.33055555555555555 0.35885416666666664 0.3402777777777778 0.36041666666666666 0.38564814814814813 0.3536458333333333 0.4125 0.353125 0.4337962962962963 0.359375 0.4689814814814815 0.365625 0.4736111111111111 0.3729166666666667 0.46805555555555556 0.3770833333333333 0.45231481481481484
1 0.40520833333333334 0.4671296296296296 0.40729166666666666 0.4310185185185185 0.4046875 0.4041666666666667 0.4 0.3939814814814815 0.4015625 0.3523148148148148 0.3966145833333333 0.3388888888888889 0.3924479166666667 0.3388888888888889 0.3875 0.3486111111111111 0.38958333333333334 0.3912037037037037 0.38229166666666664 0.41805555555555557 0.38125 0.4412037037037037 0.3828125 0.45787037037037037 0.3880208333333333 0.47824074074074074 0.3963541666666667 0.4810185185185185 0.4002604166666667 0.4787037037037037 0.40520833333333334 0.4671296296296296
1 0.43072916666666666 0.4847222222222222 0.43645833333333334 0.4532407407407407 0.4359375 0.41712962962962963 0.42864583333333334 0.3939814814814815 0.43072916666666666 0.3625 0.42864583333333334 0.350462962962963 0.42421875 0.34444444444444444 0.41848958333333336 0.3472222222222222 0.415625 0.35509259259259257 0.4171875 0.399537037037037 0.409375 0.4393518518518518 0.409375 0.45416666666666666 0.41354166666666664 0.48194444444444445 0.4158854166666667 0.487962962962963 0.42239583333333336 0.49027777777777776 0.42734375 0.4898148148148148 0.43072916666666666 0.4847222222222222
1 0.4703125 0.44027777777777777 0.4671875 0.4060185185185185 0.4630208333333333 0.39305555555555555 0.4640625 0.35138888888888886 0.46197916666666666 0.3421296296296296 0.45651041666666664 0.33796296296296297 0.4510416666666667 0.3476851851851852 0.453125 0.39305555555555555 0.44583333333333336 0.41898148148148145 0.4453125 0.4412037037037037 0.4510416666666667 0.47453703703703703 0.4549479166666667 0.4787037037037037 0.46145833333333336 0.4791666666666667 0.46770833333333334 0.4671296296296296 0.4703125 0.44027777777777777
1 0.5067708333333333 0.41805555555555557 0.4984375 0.3800925925925926 0.5 0.33564814814814814 0.49661458333333336 0.3296296296296296 0.49192708333333335 0.3287037037037037 0.48802083333333335 0.33287037037037037 0.4869791666666667 0.3384259259259259 0.4890625 0.3837962962962963 0.4822916666666667 0.4097222222222222 0.48125 0.43287037037037035 0.4875 0.4671296296296296 0.4903645833333333 0.47129629629629627 0.4979166666666667 0.4708333333333333 0.5041666666666667 0.4532407407407407 0.5067708333333333 0.41805555555555557
1 0.5375 0.4476851851851852 0.5401041666666667 0.4097222222222222 0.5375 0.3912037037037037 0.5317708333333333 0.37175925925925923 0.534375 0.3300925925925926 0.53203125 0.32685185185185184 0.5252604166666667 0.32685185185185184 0.5213541666666667 0.3300925925925926 0.5239583333333333 0.3736111111111111 0.5177083333333333 0.3958333333333333 0.5166666666666667 0.42824074074074076 0.5213541666666667 0.45416666666666666 0.52578125 0.4601851851851852 0.5302083333333333 0.46064814814814814 0.5330729166666667 0.45925925925925926 0.5375 0.4476851851851852
1 0.4140625 0.41064814814814815 0.41354166666666664 0.4013888888888889 0.4046875 0.3699074074074074 0.4083333333333333 0.34953703703703703 0.4088541666666667 0.33287037037037037 0.40651041666666665 0.3277777777777778 0.3966145833333333 0.3277777777777778 0.3953125 0.3365740740740741 0.4010416666666667 0.3541666666666667 0.39895833333333336 0.3902777777777778 0.40625 0.42453703703703705 0.4083333333333333 0.4486111111111111 0.4088541666666667 0.43472222222222223 0.4140625 0.41064814814814815
1 0.44375 0.425462962962963 0.44166666666666665 0.4097222222222222 0.4328125 0.3773148148148148 0.43697916666666664 0.3523148148148148 0.43645833333333334 0.33564814814814814 0.43203125 0.3296296296296296 0.42734375 0.3296296296296296 0.42291666666666666 0.3337962962962963 0.421875 0.3421296296296296 0.4296875 0.36157407407407405 0.43020833333333336 0.3773148148148148 0.4276041666666667 0.39490740740740743 0.4354166666666667 0.4310185185185185 0.4359375 0.4634259259259259 0.440625 0.45416666666666666 0.44375 0.425462962962963
1 0.47760416666666666 0.4217592592592593 0.47708333333333336 0.4060185185185185 0.46822916666666664 0.3699074074074074 0.4708333333333333 0.3337962962962963 0.46901041666666665 0.3277777777777778 0.45859375 0.3277777777777778 0.45729166666666665 0.33564814814814814 0.4640625 0.3486111111111111 0.4625 0.3912037037037037 0.46979166666666666 0.4263888888888889 0.46927083333333336 0.45601851851851855 0.4708333333333333 0.4597222222222222 0.475 0.4449074074074074 0.47760416666666666 0.4217592592592593
1 0.71015625 0.32314814814814813 0.70625 0.32731481481481484 0.7083333333333334 0.36435185185185187 0.7005208333333334 0.40694444444444444 0.7005208333333334 0.42083333333333334 0.7072916666666667 0.4532407407407407 0.7140625 0.45601851851851855 0.7151041666666667 0.3263888888888889 0.71015625 0.32314814814814813
0 0.48020833333333335 0.5652777777777778 0.48125 0.5467592592592593 0.478125 0.5291666666666667 0.47213541666666664 0.5157407407407407 0.4596354166666667 0.5074074074074074 0.45286458333333335 0.5074074074074074 0.44244791666666666 0.5138888888888888 0.4354166666666667 0.524537037037037 0.43125 0.5393518518518519 0.43020833333333336 0.5532407407407407 0.4317708333333333 0.5708333333333333 0.43828125 0.5861111111111111 0.4466145833333333 0.5990740740740741 0.45677083333333335 0.5995370370370371 0.47239583333333335 0.586574074074074 0.48020833333333335 0.5652777777777778