1 0.36875 0.6912037037037037 0.37395833333333334 0.649537037037037 0.37395833333333334 0.6300925925925925 0.37083333333333335 0.6032407407407407 0.3614583333333333 0.5699074074074074 0.3625 0.5023148148148148 0.35703125 0.4898148148148148 0.34921875 0.487962962962963 0.34322916666666664 0.49583333333333335 0.3416666666666667 0.5023148148148148 0.3453125 0.5726851851851852 0.33697916666666666 0.6134259259259259 0.3359375 0.6439814814814815 0.3463541666666667 0.7023148148148148 0.34921875 0.7055555555555556 0.3614583333333333 0.7050925925925926 0.36614583333333334 0.700462962962963 0.36875 0.6912037037037037
1 0.5614583333333333 0.6578703703703703 0.5635416666666667 0.6162037037037037 0.5520833333333334 0.5615740740740741 0.5546875 0.49583333333333335 0.5497395833333333 0.4824074074074074 0.54453125 0.47962962962962963 0.53828125 0.48333333333333334 0.534375 0.4949074074074074 0.5369791666666667 0.5652777777777778 0.5291666666666667 0.5912037037037037 0.525 0.6199074074074075 0.525 0.6365740740740741 0.5291666666666667 0.6708333333333333 0.5348958333333333 0.6939814814814815 0.5403645833333334 0.6981481481481482 0.5494791666666666 0.6976851851851852 0.5546875 0.6912037037037037 0.5614583333333333 0.6578703703703703
1 0.39739583333333334 0.6763888888888889 0.3958333333333333 0.6273148148148148 0.4 0.5912037037037037 0.390625 0.5532407407407407 0.39166666666666666 0.48842592592592593 0.38723958333333336 0.4787037037037037 0.38046875 0.4759259259259259 0.37473958333333335 0.48055555555555557 0.37135416666666665 0.48935185185185187 0.37552083333333336 0.5569444444444445 0.36822916666666666 0.586574074074074 0.37395833333333334 0.6337962962962963 0.3723958333333333 0.6773148148148148 0.3768229166666667 0.6898148148148148 0.390625 0.6902777777777778 0.39427083333333335 0.6875 0.39739583333333334 0.6763888888888889
1 0.4276041666666667 0.6902777777777778 0.4328125 0.6625 0.4348958333333333 0.6347222222222222 0.43072916666666666 0.5995370370370371 0.4317708333333333 0.5782407407407407 0.42552083333333335 0.5615740740740741 0.42291666666666666 0.5439814814814815 0.4236979166666667 0.47685185185185186 0.4205729166666667 0.4842592592592593 0.41015625 0.4824074074074074 0.4041666666666667 0.49398148148148147 0.403125 0.5106481481481482 0.40625 0.5643518518518519 0.40208333333333335 0.5782407407407407 0.3963541666666667 0.625462962962963 0.3984375 0.6680555555555555 0.40625 0.6986111111111111 0.40911458333333334 0.7018518518518518 0.4203125 0.7013888888888888 0.4236979166666667 0.7 0.4276041666666667 0.6902777777777778
1 0.4625 0.6587962962962963 0.465625 0.6069444444444444 0.4625 0.5763888888888888 0.4552083333333333 0.5532407407407407 0.4578125 0.48842592592592593 0.4549479166666667 0.4703703703703704 0.45234375 0.4740740740740741 0.44296875 0.475 0.4375 0.48564814814814816 0.4395833333333333 0.5449074074074074 0.43125 0.5921296296296297 0.4348958333333333 0.6226851851851852 0.43385416666666665 0.6643518518518519 0.43697916666666664 0.6800925925925926 0.44140625 0.687962962962963 0.4546875 0.6875 0.459375 0.6763888888888889 0.4625 0.6587962962962963
1 0.4953125 0.6856481481481481 0.5015625 0.6337962962962963 0.5 0.6032407407407407 0.4947916666666667 0.5717592592592593 0.490625 0.5597222222222222 0.49270833333333336 0.4949074074074074 0.48671875 0.4740740740740741 0.48359375 0.48148148148148145 0.47369791666666666 0.487962962962963 0.471875 0.49398148148148147 0.4713541666666667 0.5115740740740741 0.47552083333333334 0.5578703703703703 0.4713541666666667 0.5837962962962963 0.4671875 0.5958333333333333 0.4640625 0.6263888888888889 0.46510416666666665 0.6504629629629629 0.47239583333333335 0.6912037037037037 0.4778645833333333 0.6990740740740741 0.4864583333333333 0.6995370370370371 0.4903645833333333 0.6981481481481482 0.4953125 0.6856481481481481
1 0.5255208333333333 0.6560185185185186 0.525 0.6180555555555556 0.5270833333333333 0.5930555555555556 0.5166666666666667 0.5513888888888889 0.51875 0.4875 0.5153645833333333 0.47685185185185186 0.5106770833333333 0.4722222222222222 0.50546875 0.4722222222222222 0.49947916666666664 0.4791666666666667 0.4973958333333333 0.4875 0.5010416666666667 0.5532407407407407 0.49635416666666665 0.5708333333333333 0.49635416666666665 0.5837962962962963 0.5015625 0.6134259259259259 0.4979166666666667 0.6782407407407407 0.5018229166666667 0.687037037037037 0.5145833333333333 0.6865740740740741 0.5197916666666667 0.6819444444444445 0.5255208333333333 0.6560185185185186
1 0.475 0.5328703703703703 0.471875 0.5282407407407408 0.47291666666666665 0.4912037037037037 0.4783854166666667 0.4824074074074074 0.48671875 0.48518518518518516 0.4890625 0.48194444444444445 0.4869791666666667 0.4699074074074074 0.48046875 0.4638888888888889 0.47369791666666666 0.4666666666666667 0.46822916666666664 0.4837962962962963 0.4708333333333333 0.5439814814814815 0.4635416666666667 0.5837962962962963 0.4671875 0.5986111111111111 0.47552083333333334 0.5587962962962963 0.475 0.5328703703703703
1 0.41953125 0.4666666666666667 0.41067708333333336 0.46574074074074073 0.4046875 0.47453703703703703 0.4044270833333333 0.4898148148148148 0.41640625 0.4842592592592593 0.4244791666666667 0.49212962962962964 0.4244791666666667 0.47638888888888886 0.41953125 0.4666666666666667
1 0.45598958333333334 0.46111111111111114 0.4513020833333333 0.45555555555555555 0.4466145833333333 0.45555555555555555 0.440625 0.4615740740740741 0.4375 0.47453703703703703 0.4388020833333333 0.47962962962962963 0.44453125 0.475 0.45078125 0.475 0.459375 0.48935185185185187 0.459375 0.475462962962963 0.45598958333333334 0.46111111111111114
0 0.4979166666666667 0.4828703703703704 0.50234375 0.4740740740740741 0.5138020833333333 0.4740740740740741 0.5177083333333333 0.4810185185185185 0.5192708333333333 0.4949074074074074 0.5216145833333333 0.4981481481481482 0.5307291666666667 0.4736111111111111 0.5317708333333333 0.45231481481481484 0.5296875 0.4393518518518518 0.5231770833333333 0.425 0.5138020833333333 0.41944444444444445 0.5080729166666667 0.4111111111111111 0.49973958333333335 0.4111111111111111 0.4903645833333333 0.41759259259259257 0.4822916666666667 0.4310185185185185 0.47760416666666666 0.45046296296296295 0.478125 0.46064814814814814 0.4861979166666667 0.4675925925925926 0.4895833333333333 0.47453703703703703 0.4953125 0.5087962962962963 0.4973958333333333 0.5050925925925925 0.4979166666666667 0.4828703703703704