1 0.67890625 0.20902777777777778 0.671875 0.18125 0.67265625 0.16458333333333333 0.666015625 0.1625 0.66484375 0.18263888888888888 0.65859375 0.2076388888888889 0.65859375 0.22430555555555556 0.6640625 0.24930555555555556 0.671875 0.25069444444444444 0.678125 0.2298611111111111 0.67890625 0.20902777777777778
1 0.55078125 0.1673611111111111 0.545703125 0.1638888888888889 0.5375 0.20208333333333334 0.5375 0.21736111111111112 0.54296875 0.2423611111111111 0.55078125 0.24375 0.5578125 0.2076388888888889 0.55078125 0.1673611111111111
1 0.5796875 0.2076388888888889 0.57421875 0.18263888888888888 0.575 0.1673611111111111 0.567578125 0.1625 0.559375 0.22291666666666668 0.56484375 0.24791666666666667 0.57265625 0.25069444444444444 0.578125 0.23819444444444443 0.5796875 0.2076388888888889
1 0.6015625 0.23819444444444443 0.6015625 0.22152777777777777 0.59609375 0.21041666666666667 0.5984375 0.1951388888888889 0.59375 0.18263888888888888 0.596875 0.16458333333333333 0.591796875 0.1625 0.5875 0.16597222222222222 0.58828125 0.1909722222222222 0.5828125 0.21319444444444444 0.5828125 0.2326388888888889 0.58828125 0.25763888888888886 0.5953125 0.25763888888888886 0.596875 0.24375 0.6015625 0.23819444444444443
1 0.625 0.23958333333333334 0.623046875 0.22361111111111112 0.621875 0.24375 0.61875 0.2423611111111111 0.615625 0.20347222222222222 0.621875 0.18958333333333333 0.62265625 0.1673611111111111 0.611328125 0.1638888888888889 0.6046875 0.23541666666666666 0.609375 0.26319444444444445 0.61796875 0.2659722222222222 0.62265625 0.2590277777777778 0.625 0.23958333333333334
1 0.653125 0.21736111111111112 0.646875 0.18958333333333333 0.6484375 0.16597222222222222 0.638671875 0.1625 0.6390625 0.18541666666666667 0.63203125 0.21597222222222223 0.63203125 0.2298611111111111 0.63671875 0.2548611111111111 0.64375 0.2590277777777778 0.64921875 0.2520833333333333 0.653125 0.21736111111111112
1 0.7046875 0.20347222222222222 0.6984375 0.16458333333333333 0.693359375 0.1625 0.6859375 0.19652777777777777 0.68515625 0.21736111111111112 0.68984375 0.23958333333333334 0.696875 0.2423611111111111 0.70390625 0.22152777777777777 0.7046875 0.20347222222222222
1 0.33125 0.24513888888888888 0.33203125 0.21875 0.32421875 0.1951388888888889 0.32734375 0.16597222222222222 0.316796875 0.16111111111111112 0.3140625 0.16597222222222222 0.31640625 0.19652777777777777 0.3109375 0.21458333333333332 0.31015625 0.23958333333333334 0.31484375 0.26319444444444445 0.32265625 0.2659722222222222 0.32734375 0.26180555555555557 0.33125 0.24513888888888888
1 0.3078125 0.24791666666666667 0.31015625 0.21458333333333332 0.303125 0.18958333333333333 0.30390625 0.16458333333333333 0.294140625 0.1625 0.29609375 0.18263888888888888 0.28984375 0.21041666666666667 0.2890625 0.23125 0.29375 0.2548611111111111 0.3 0.2590277777777778 0.305078125 0.2569444444444444 0.3078125 0.24791666666666667
1 0.2890625 0.20902777777777778 0.28125 0.17847222222222223 0.2828125 0.16458333333333333 0.277734375 0.16111111111111112 0.2734375 0.16458333333333333 0.27421875 0.18125 0.26953125 0.19652777777777777 0.26796875 0.22013888888888888 0.2734375 0.24930555555555556 0.28046875 0.2520833333333333 0.2875 0.23680555555555555 0.2890625 0.20902777777777778
1 0.26796875 0.20347222222222222 0.26015625 0.16458333333333333 0.255078125 0.1625 0.2484375 0.19375 0.2484375 0.22013888888888888 0.253515625 0.24166666666666667 0.26171875 0.2423611111111111 0.2671875 0.22291666666666668 0.26796875 0.20347222222222222
1 0.40859375 0.16597222222222222 0.404296875 0.1625 0.40078125 0.1673611111111111 0.40234375 0.17430555555555555 0.3953125 0.20069444444444445 0.3953125 0.21736111111111112 0.4 0.2423611111111111 0.409375 0.24375 0.41484375 0.20902777777777778 0.40859375 0.16597222222222222
1 0.3875 0.21041666666666667 0.38125 0.18263888888888888 0.38125 0.16319444444444445 0.373046875 0.1625 0.36640625 0.22430555555555556 0.37109375 0.24791666666666667 0.38125 0.2520833333333333 0.38671875 0.23125 0.3875 0.21041666666666667
1 0.35703125 0.19652777777777777 0.353125 0.18263888888888888 0.35625 0.1673611111111111 0.344921875 0.1625 0.34453125 0.18958333333333333 0.3390625 0.20902777777777778 0.33828125 0.23125 0.344140625 0.2569444444444444 0.35390625 0.25763888888888886 0.36015625 0.23958333333333334 0.35703125 0.19652777777777777
1 0.365625 0.20069444444444445 0.3578125 0.16458333333333333 0.344921875 0.1625 0.34453125 0.1909722222222222 0.35234375 0.1951388888888889 0.35625 0.21736111111111112 0.35625 0.23541666666666666 0.3515625 0.25069444444444444 0.35390625 0.2548611111111111 0.36171875 0.24375 0.365625 0.20069444444444445