1 0.40729166666666666 0.5652777777777778 0.39739583333333334 0.5143518518518518 0.4 0.4532407407407407 0.39401041666666664 0.44074074074074077 0.38619791666666664 0.4388888888888889 0.3796875 0.44675925925925924 0.378125 0.4550925925925926 0.3802083333333333 0.5226851851851851 0.3703125 0.5652777777777778 0.3692708333333333 0.5976851851851852 0.3770833333333333 0.649537037037037 0.38255208333333335 0.6555555555555556 0.3927083333333333 0.6550925925925926 0.3984375 0.6412037037037037 0.40729166666666666 0.5652777777777778
1 0.446875 0.6152777777777778 0.4479166666666667 0.5736111111111111 0.4375 0.5236111111111111 0.4395833333333333 0.45416666666666666 0.43359375 0.44351851851851853 0.42682291666666666 0.44166666666666665 0.4197916666666667 0.449537037037037 0.41822916666666665 0.4587962962962963 0.42083333333333334 0.5226851851851851 0.40989583333333335 0.5689814814814815 0.4088541666666667 0.6050925925925926 0.41875 0.6569444444444444 0.42161458333333335 0.6601851851851852 0.4359375 0.6597222222222222 0.4401041666666667 0.649537037037037 0.446875 0.6152777777777778
1 0.48489583333333336 0.6291666666666667 0.4875 0.5847222222222223 0.475 0.5171296296296296 0.478125 0.4791666666666667 0.47708333333333336 0.4532407407407407 0.47317708333333336 0.44537037037037036 0.46588541666666666 0.4444444444444444 0.4627604166666667 0.4462962962962963 0.4583333333333333 0.45694444444444443 0.4583333333333333 0.4810185185185185 0.46197916666666666 0.5180555555555556 0.4505208333333333 0.5708333333333333 0.44947916666666665 0.6134259259259259 0.4583333333333333 0.6615740740740741 0.4627604166666667 0.6648148148148149 0.47552083333333334 0.6643518518518519 0.48072916666666665 0.6541666666666667 0.48489583333333336 0.6291666666666667
1 0.490625 0.5875 0.496875 0.5393518518518519 0.4921875 0.5189814814814815 0.4942708333333333 0.45231481481481484 0.48932291666666666 0.44074074074074077 0.4825520833333333 0.43796296296296294 0.47552083333333334 0.44583333333333336 0.4786458333333333 0.4634259259259259 0.4765625 0.5226851851851851 0.48854166666666665 0.5902777777777778 0.4859375 0.625462962962963 0.4817708333333333 0.6467592592592593 0.4830729166666667 0.6555555555555556 0.48802083333333335 0.6550925925925926 0.4947916666666667 0.6486111111111111 0.490625 0.5875
1 0.5052083333333334 0.6300925925925925 0.5098958333333333 0.6097222222222223 0.5200520833333333 0.5888888888888889 0.528125 0.5791666666666667 0.5182291666666666 0.5310185185185186 0.5192708333333333 0.4587962962962963 0.51640625 0.44814814814814813 0.51015625 0.44351851851851853 0.5028645833333333 0.44722222222222224 0.4984375 0.4597222222222222 0.5005208333333333 0.5300925925925926 0.49375 0.5606481481481481 0.49114583333333334 0.5856481481481481 0.49166666666666664 0.6152777777777778 0.4953125 0.6486111111111111 0.4984375 0.6625 0.5026041666666666 0.6671296296296296 0.5046875 0.6643518518518519 0.5052083333333334 0.6300925925925925
1 0.5463541666666667 0.5699074074074074 0.5348958333333333 0.5226851851851851 0.5369791666666667 0.4550925925925926 0.53203125 0.44351851851851853 0.5247395833333334 0.44074074074074077 0.51875 0.44675925925925924 0.5182291666666666 0.4532407407407407 0.5197916666666667 0.4671296296296296 0.51875 0.5319444444444444 0.5276041666666667 0.5736111111111111 0.53125 0.5782407407407407 0.54453125 0.575 0.5463541666666667 0.5699074074074074
1 0.5869791666666667 0.575462962962963 0.5854166666666667 0.5578703703703703 0.578125 0.5365740740740741 0.5755208333333334 0.5199074074074074 0.578125 0.46064814814814814 0.57421875 0.44722222222222224 0.5669270833333333 0.4425925925925926 0.56171875 0.4462962962962963 0.5578125 0.45787037037037037 0.5609375 0.5180555555555556 0.5505208333333333 0.5736111111111111 0.5716145833333334 0.5935185185185186 0.5848958333333333 0.6263888888888889 0.5875 0.6069444444444444 0.5869791666666667 0.575462962962963
1 0.5984375 0.6199074074074075 0.6010416666666667 0.575462962962963 0.5963541666666666 0.5439814814814815 0.5895833333333333 0.5162037037037037 0.5916666666666667 0.4532407407407407 0.58671875 0.4398148148148148 0.5783854166666667 0.43796296296296294 0.5739583333333333 0.44583333333333336 0.578125 0.4597222222222222 0.5760416666666667 0.5208333333333334 0.5791666666666667 0.5402777777777777 0.5854166666666667 0.5578703703703703 0.5875 0.6087962962962963 0.584375 0.6412037037037037 0.5854166666666667 0.6513888888888889 0.5901041666666667 0.6541666666666667 0.5942708333333333 0.6439814814814815 0.5984375 0.6199074074074075
1 0.6432291666666666 0.6134259259259259 0.64375 0.575462962962963 0.63125 0.5208333333333334 0.6328125 0.4532407407407407 0.6278645833333333 0.44166666666666665 0.62109375 0.4398148148148148 0.6145833333333334 0.44675925925925924 0.6125 0.45601851851851855 0.615625 0.5236111111111111 0.6046875 0.5717592592592593 0.6041666666666666 0.600462962962963 0.6140625 0.6541666666666667 0.61640625 0.6583333333333333 0.6317708333333333 0.6587962962962963 0.6364583333333333 0.6486111111111111 0.6432291666666666 0.6134259259259259
1 0.6947916666666667 0.6217592592592592 0.6973958333333333 0.5976851851851852 0.6973958333333333 0.5717592592592593 0.6947916666666667 0.549537037037037 0.6864583333333333 0.5171296296296296 0.6890625 0.4597222222222222 0.6880208333333333 0.44583333333333336 0.6825520833333333 0.43703703703703706 0.6763020833333333 0.4361111111111111 0.6716145833333333 0.4398148148148148 0.6682291666666667 0.45046296296296295 0.671875 0.5023148148148148 0.6703125 0.5199074074074074 0.6614583333333334 0.5587962962962963 0.6609375 0.5921296296296297 0.6708333333333333 0.649537037037037 0.67421875 0.6527777777777778 0.6864583333333333 0.6523148148148148 0.690625 0.6467592592592593 0.6947916666666667 0.6217592592592592
0 0.5791666666666667 0.6828703703703703 0.5848958333333333 0.6504629629629629 0.5833333333333334 0.625462962962963 0.5776041666666667 0.6060185185185185 0.5643229166666667 0.5842592592592593 0.54765625 0.575925925925926 0.5309895833333333 0.5787037037037037 0.52265625 0.5861111111111111 0.5098958333333333 0.6097222222222223 0.5046875 0.6375 0.5057291666666667 0.6662037037037037 0.5130208333333334 0.6912037037037037 0.5231770833333333 0.7074074074074074 0.53671875 0.7166666666666667 0.5505208333333333 0.7171296296296297 0.5684895833333333 0.7037037037037037 0.5791666666666667 0.6828703703703703