1 0.4109375 0.36157407407407405 0.4088541666666667 0.33564814814814814 0.40208333333333335 0.3106481481481482 0.4046875 0.2662037037037037 0.40182291666666664 0.262037037037037 0.39296875 0.262037037037037 0.39010416666666664 0.2652777777777778 0.39010416666666664 0.2763888888888889 0.3932291666666667 0.30787037037037035 0.384375 0.3476851851851852 0.384375 0.36342592592592593 0.390625 0.39861111111111114 0.3924479166666667 0.4027777777777778 0.3984375 0.4041666666666667 0.4046875 0.40046296296296297 0.4109375 0.36157407407407405
1 0.4401041666666667 0.38935185185185184 0.44166666666666665 0.3587962962962963 0.43333333333333335 0.32083333333333336 0.4348958333333333 0.2708333333333333 0.43203125 0.26481481481481484 0.42682291666666666 0.26296296296296295 0.4203125 0.2726851851851852 0.42239583333333336 0.32083333333333336 0.41458333333333336 0.350462962962963 0.4140625 0.3736111111111111 0.42135416666666664 0.4115740740740741 0.4322916666666667 0.4134259259259259 0.4354166666666667 0.40879629629629627 0.4401041666666667 0.38935185185185184
1 0.4671875 0.4152777777777778 0.4713541666666667 0.3921296296296296 0.4703125 0.36342592592592593 0.4635416666666667 0.3263888888888889 0.465625 0.2875 0.4591145833333333 0.2712962962962963 0.45338541666666665 0.27314814814814814 0.4505208333333333 0.2800925925925926 0.453125 0.32916666666666666 0.446875 0.3486111111111111 0.44427083333333334 0.3699074074074074 0.45 0.41712962962962963 0.4518229166666667 0.4222222222222222 0.4557291666666667 0.42268518518518516 0.4627604166666667 0.4222222222222222 0.4671875 0.4152777777777778
1 0.5041666666666667 0.3837962962962963 0.49583333333333335 0.3402777777777778 0.49583333333333335 0.3199074074074074 0.5 0.2912037037037037 0.49661458333333336 0.2824074074074074 0.4903645833333333 0.27870370370370373 0.48515625 0.2814814814814815 0.4822916666666667 0.28935185185185186 0.48385416666666664 0.3421296296296296 0.47760416666666666 0.36435185185185187 0.47552083333333334 0.3912037037037037 0.4822916666666667 0.4300925925925926 0.4947916666666667 0.43194444444444446 0.503125 0.4050925925925926 0.5041666666666667 0.3837962962962963
1 0.5427083333333333 0.37546296296296294 0.5390625 0.3486111111111111 0.5328125 0.324537037037037 0.5354166666666667 0.2828703703703704 0.5330729166666667 0.275 0.52578125 0.27037037037037037 0.5208333333333334 0.27824074074074073 0.521875 0.32731481481481484 0.5145833333333333 0.3597222222222222 0.5135416666666667 0.3773148148148148 0.515625 0.39861111111111114 0.5203125 0.41805555555555557 0.52421875 0.42314814814814816 0.5328125 0.42268518518518516 0.5375 0.4115740740740741 0.5427083333333333 0.37546296296296294
1 0.5770833333333333 0.38935185185185184 0.5786458333333333 0.3597222222222222 0.5692708333333333 0.3087962962962963 0.571875 0.2708333333333333 0.56953125 0.26481481481481484 0.5622395833333333 0.262037037037037 0.5572916666666666 0.27175925925925926 0.5598958333333334 0.3189814814814815 0.5526041666666667 0.34675925925925927 0.5510416666666667 0.3699074074074074 0.5526041666666667 0.38842592592592595 0.5572916666666666 0.4078703703703704 0.5606770833333333 0.41388888888888886 0.56875 0.4134259259259259 0.5729166666666666 0.4078703703703704 0.5770833333333333 0.38935185185185184
1 0.6130208333333333 0.38287037037037036 0.6145833333333334 0.34675925925925927 0.60625 0.3023148148148148 0.6088541666666667 0.26342592592592595 0.6059895833333333 0.25925925925925924 0.59765625 0.25925925925925924 0.5942708333333333 0.2652777777777778 0.5973958333333333 0.3060185185185185 0.5895833333333333 0.3421296296296296 0.5885416666666666 0.3625 0.5947916666666667 0.39861111111111114 0.5997395833333333 0.40370370370370373 0.60625 0.40324074074074073 0.6083333333333333 0.4023148148148148 0.6130208333333333 0.38287037037037036
1 0.4713541666666667 0.30972222222222223 0.4734375 0.2652777777777778 0.47109375 0.2611111111111111 0.4627604166666667 0.2611111111111111 0.4596354166666667 0.26296296296296295 0.4588541666666667 0.26805555555555555 0.4625 0.274537037037037 0.4661458333333333 0.2912037037037037 0.4635416666666667 0.3263888888888889 0.4703125 0.3578703703703704 0.471875 0.38287037037037036 0.475 0.3875 0.4796875 0.3476851851851852 0.4713541666666667 0.30972222222222223
1 0.5109375 0.3773148148148148 0.5114583333333333 0.36064814814814816 0.5026041666666666 0.3189814814814815 0.5041666666666667 0.2708333333333333 0.50234375 0.26481481481481484 0.49713541666666666 0.262037037037037 0.490625 0.2671296296296296 0.4895833333333333 0.2791666666666667 0.49557291666666664 0.2824074074074074 0.5 0.29305555555555557 0.4947916666666667 0.32916666666666666 0.5036458333333333 0.3763888888888889 0.5026041666666666 0.4078703703703704 0.50625 0.4023148148148148 0.5109375 0.3773148148148148
1 0.546875 0.35509259259259257 0.5447916666666667 0.3347222222222222 0.5375 0.30694444444444446 0.5401041666666667 0.26342592592592595 0.53828125 0.2601851851851852 0.5283854166666667 0.2601851851851852 0.5260416666666666 0.26342592592592595 0.5260416666666666 0.2708333333333333 0.5330729166666667 0.2759259259259259 0.5354166666666667 0.2865740740740741 0.5328125 0.3263888888888889 0.5395833333333333 0.35138888888888886 0.5421875 0.3763888888888889 0.5453125 0.3736111111111111 0.546875 0.35509259259259257
1 0.21770833333333334 0.36712962962962964 0.21614583333333334 0.3337962962962963 0.20885416666666667 0.30972222222222223 0.21197916666666666 0.2662037037037037 0.20807291666666666 0.2611111111111111 0.19973958333333333 0.2611111111111111 0.19635416666666666 0.26805555555555555 0.19895833333333332 0.3143518518518518 0.19166666666666668 0.34120370370370373 0.190625 0.3625 0.19635416666666666 0.3976851851851852 0.20026041666666666 0.4046296296296296 0.20989583333333334 0.4041666666666667 0.21302083333333333 0.40046296296296297 0.21770833333333334 0.36712962962962964
1 0.17708333333333334 0.3958333333333333 0.17916666666666667 0.35509259259259257 0.17135416666666667 0.32083333333333336 0.1734375 0.2726851851851852 0.16848958333333333 0.26481481481481484 0.16119791666666666 0.2638888888888889 0.15625 0.27361111111111114 0.159375 0.32083333333333336 0.15208333333333332 0.34953703703703703 0.15208333333333332 0.3837962962962963 0.1578125 0.41064814814814815 0.16119791666666666 0.4148148148148148 0.16822916666666668 0.41435185185185186 0.17395833333333333 0.40879629629629627 0.17708333333333334 0.3958333333333333
1 0.13541666666666666 0.4060185185185185 0.13489583333333333 0.3625 0.12916666666666668 0.3282407407407407 0.13125 0.30787037037037035 0.13020833333333334 0.2791666666666667 0.12630208333333334 0.2712962962962963 0.12109375 0.2712962962962963 0.11510416666666666 0.2791666666666667 0.11458333333333333 0.29768518518518516 0.11770833333333333 0.3282407407407407 0.11197916666666667 0.350462962962963 0.10989583333333333 0.38287037037037036 0.1140625 0.4125 0.12057291666666667 0.4222222222222222 0.128125 0.4217592592592593 0.13385416666666666 0.41435185185185186 0.13541666666666666 0.4060185185185185
1 0.14791666666666667 0.3902777777777778 0.15052083333333333 0.3449074074074074 0.14375 0.31342592592592594 0.13958333333333334 0.30694444444444446 0.1421875 0.3013888888888889 0.14427083333333332 0.2652777777777778 0.14192708333333334 0.2611111111111111 0.13463541666666667 0.2601851851851852 0.12994791666666666 0.2611111111111111 0.12760416666666666 0.27175925925925926 0.13020833333333334 0.2791666666666667 0.13333333333333333 0.30694444444444446 0.1296875 0.32175925925925924 0.13489583333333333 0.3597222222222222 0.13489583333333333 0.399537037037037 0.13802083333333334 0.4050925925925926 0.14401041666666667 0.4027777777777778 0.14791666666666667 0.3902777777777778
1 0.09583333333333334 0.4115740740740741 0.096875 0.39305555555555555 0.0953125 0.36342592592592593 0.08854166666666667 0.33564814814814814 0.090625 0.29305555555555557 0.0890625 0.2847222222222222 0.08307291666666666 0.27870370370370373 0.07734375 0.2814814814814815 0.075 0.2884259259259259 0.07708333333333334 0.33564814814814814 0.07083333333333333 0.3625 0.06927083333333334 0.38935185185185184 0.0703125 0.41064814814814815 0.07395833333333333 0.4273148148148148 0.0828125 0.43287037037037035 0.0921875 0.425462962962963 0.09583333333333334 0.4115740740740741
1 0.06614583333333333 0.41064814814814815 0.06770833333333333 0.36342592592592593 0.06666666666666667 0.3486111111111111 0.06041666666666667 0.3282407407407407 0.06354166666666666 0.300462962962963 0.0625 0.2800925925925926 0.05911458333333333 0.2722222222222222 0.05234375 0.2712962962962963 0.0453125 0.2791666666666667 0.0484375 0.3282407407407407 0.0453125 0.3402777777777778 0.04114583333333333 0.38564814814814813 0.046875 0.41898148148148145 0.05572916666666667 0.42268518518518516 0.062239583333333334 0.4185185185185185 0.06614583333333333 0.41064814814814815
1 0.0421875 0.3560185185185185 0.0328125 0.3143518518518518 0.0359375 0.29583333333333334 0.036458333333333336 0.2726851851851852 0.03307291666666667 0.26481481481481484 0.026822916666666665 0.262037037037037 0.020052083333333335 0.26481481481481484 0.017708333333333333 0.2708333333333333 0.01875 0.3013888888888889 0.021875 0.3143518518518518 0.016666666666666666 0.33287037037037037 0.0140625 0.37083333333333335 0.019791666666666666 0.4097222222222222 0.03229166666666667 0.4125 0.0375 0.4023148148148148 0.0421875 0.3560185185185185
1 0 0.4050925925925926 0.0020833333333333333 0.4050925925925926 0.008072916666666667 0.4027777777777778 0.010416666666666666 0.3958333333333333 0.014583333333333334 0.350462962962963 0.013020833333333334 0.32916666666666666 0.0078125 0.30787037037037035 0.009375 0.2671296296296296 0.00390625 0.2574074074074074 0 0.25787037037037036 0 0.4050925925925926
1 0.07604166666666666 0.33287037037037037 0.07395833333333333 0.29212962962962963 0.078125 0.2708333333333333 0.07708333333333334 0.2625 0.07161458333333333 0.25833333333333336 0.06328125 0.2601851851851852 0.06041666666666667 0.2708333333333333 0.06302083333333333 0.28935185185185186 0.06197916666666667 0.3282407407407407 0.0671875 0.36527777777777776 0.07083333333333333 0.3625 0.07604166666666666 0.33287037037037037
1 0.10625 0.4050925925925926 0.10677083333333333 0.3976851851851852 0.10729166666666666 0.34675925925925927 0.10104166666666667 0.31712962962962965 0.10520833333333333 0.27824074074074073 0.10182291666666667 0.26481481481481484 0.09296875 0.26296296296296295 0.08645833333333333 0.2726851851851852 0.09166666666666666 0.3060185185185185 0.08854166666666667 0.3347222222222222 0.09583333333333334 0.36712962962962964 0.09635416666666667 0.4115740740740741 0.09947916666666666 0.4134259259259259 0.10234375 0.412962962962963 0.10625 0.4050925925925926
0 0.5614583333333333 0.5393518518518519 0.5645833333333333 0.5282407407407408 0.5645833333333333 0.5069444444444444 0.5604166666666667 0.48842592592592593 0.5533854166666666 0.4759259259259259 0.54296875 0.4675925925925926 0.5309895833333333 0.4675925925925926 0.5205729166666667 0.4759259259259259 0.5140625 0.48564814814814816 0.509375 0.5069444444444444 0.5098958333333333 0.5273148148148148 0.5125 0.5402777777777777 0.51953125 0.5546296296296296 0.5315104166666667 0.5648148148148148 0.5427083333333333 0.5662037037037037 0.54921875 0.562962962962963 0.5614583333333333 0.5393518518518519