1 0.60390625 0.3284722222222222 0.6015625 0.31180555555555556 0.59765625 0.30069444444444443 0.6 0.27569444444444446 0.597265625 0.26805555555555555 0.593359375 0.26805555555555555 0.590625 0.27291666666666664 0.5921875 0.3020833333333333 0.58671875 0.3229166666666667 0.58671875 0.33958333333333335 0.590625 0.3590277777777778 0.592578125 0.3625 0.596875 0.36180555555555555 0.6 0.3576388888888889 0.60390625 0.3284722222222222
1 0.58046875 0.35208333333333336 0.58125 0.32569444444444445 0.575 0.30069444444444443 0.57734375 0.28958333333333336 0.57734375 0.27847222222222223 0.574609375 0.2722222222222222 0.570703125 0.2722222222222222 0.56875 0.27569444444444446 0.56953125 0.3034722222222222 0.5640625 0.32708333333333334 0.5640625 0.34791666666666665 0.56796875 0.36319444444444443 0.569140625 0.36527777777777776 0.5734375 0.3659722222222222 0.57734375 0.36319444444444443 0.58046875 0.35208333333333336
1 0.5327853421875 0.3554787263888889 0.5328125 0.3423611111111111 0.5315601734375 0.3326794138888889 0.5293260492187499 0.3233309097222222 0.528125 0.3145833333333333 0.53046875 0.29375 0.5296875 0.28680555555555554 0.526171875 0.28055555555555556 0.521484375 0.2833333333333333 0.51953125 0.29097222222222224 0.52024541484375 0.30694334444444443 0.52111023984375 0.31257805972222225 0.52111023984375 0.3203898236111111 0.519236459375 0.32564035416666665 0.51640625 0.33958333333333335 0.51640625 0.3576388888888889 0.51953125 0.3715277777777778 0.522265625 0.3763888888888889 0.528125 0.37569444444444444 0.53177638125 0.36457110000000004 0.5327853421875 0.3554787263888889
1 0.5147826640625001 0.3417486458333333 0.51428256796875 0.3294346097222222 0.5109375 0.31875 0.51015625 0.31319444444444444 0.5102818046875 0.3100114375 0.5099245921875 0.30607602361111114 0.51015625 0.30069444444444443 0.5105675734374999 0.2904613194444444 0.50859375 0.2798611111111111 0.507421875 0.2777777777777778 0.504296875 0.2777777777777778 0.50234375 0.2798611111111111 0.5007085453125 0.28893793472222223 0.50156585 0.2990938375 0.502137390625 0.30696466666666666 0.50234375 0.31180555555555556 0.5 0.3215277777777778 0.5 0.32569444444444445 0.4984375 0.3298611111111111 0.49835095156250003 0.3450493138888889 0.4984375 0.3548611111111111 0.5015625 0.36736111111111114 0.503515625 0.37083333333333335 0.51171875 0.3701388888888889 0.513853915625 0.3587597888888889 0.5147826640625001 0.3417486458333333
1 0.496875 0.35347222222222224 0.49765625 0.32569444444444445 0.49296875 0.3076388888888889 0.49375 0.27847222222222223 0.491015625 0.27361111111111114 0.486328125 0.27361111111111114 0.484375 0.27708333333333335 0.484375 0.29375 0.4859375 0.29930555555555555 0.4859375 0.3076388888888889 0.48359375 0.31319444444444444 0.48203125 0.32430555555555557 0.48125 0.34930555555555554 0.484375 0.3590277777777778 0.484375 0.36319444444444443 0.486328125 0.36666666666666664 0.4921875 0.3659722222222222 0.49453125 0.36319444444444443 0.496875 0.35347222222222224
1 0.478125 0.35208333333333336 0.48046875 0.3451388888888889 0.48125 0.32569444444444445 0.48046875 0.31875 0.4765625 0.30486111111111114 0.4748502734375 0.3020633569444444 0.4765625 0.2881944444444444 0.4765625 0.2743055555555556 0.474609375 0.2708333333333333 0.469140625 0.2708333333333333 0.4671875 0.27708333333333335 0.4671875 0.2826388888888889 0.46838597890625 0.3018109027777778 0.4640625 0.32569444444444445 0.46484375 0.3451388888888889 0.469140625 0.3611111111111111 0.470703125 0.3625 0.47578125 0.36180555555555555 0.47734375 0.3590277777777778 0.478125 0.35208333333333336
1 0.534375 0.3076388888888889 0.53515625 0.27708333333333335 0.528515625 0.2722222222222222 0.52578125 0.2798611111111111 0.5328125 0.34097222222222223 0.53125 0.36319444444444443 0.53515625 0.3645833333333333 0.53984375 0.3284722222222222 0.534375 0.3076388888888889
1 0.51875 0.32430555555555557 0.51953125 0.3229166666666667 0.51953125 0.31319444444444444 0.51796875 0.3104166666666667 0.51796875 0.3076388888888889 0.515625 0.30069444444444443 0.515625 0.29375 0.5171875 0.28680555555555554 0.5171875 0.27708333333333335 0.514453125 0.2708333333333333 0.509765625 0.2708333333333333 0.50859375 0.27291666666666664 0.50859375 0.2798611111111111 0.5109375 0.28541666666666665 0.51171875 0.30069444444444443 0.51015625 0.3020833333333333 0.509375 0.3104166666666667 0.51015625 0.31180555555555556 0.51015625 0.3145833333333333 0.5125 0.31875 0.5140625 0.32569444444444445 0.517578125 0.33194444444444443 0.51796875 0.33125 0.51875 0.3298611111111111 0.51875 0.32430555555555557
1 0.5561051203125 0.35666783888888887 0.5573337296875 0.34318354444444443 0.55668328828125 0.3321392611111111 0.5549487796875 0.32327815694444445 0.552202471875 0.31364651527777776 0.5523470140625 0.3052990916666667 0.5535033546875 0.2941263875 0.5519133882812499 0.28513685694444446 0.54960071171875 0.28064209305555554 0.5471434875 0.2788441847222222 0.54453125 0.2798611111111111 0.54375 0.29375 0.5453125 0.3020833333333333 0.5453125 0.31180555555555556 0.540625 0.3298611111111111 0.53984375 0.3423611111111111 0.540625 0.3548611111111111 0.54453125 0.36875 0.545703125 0.37083333333333335 0.5515625 0.3701388888888889 0.55390625 0.36875 0.5561051203125 0.35666783888888887
1 0.5625 0.33819444444444446 0.56171875 0.32013888888888886 0.55546875 0.3020833333333333 0.55546875 0.2951388888888889 0.5578125 0.2881944444444444 0.5578125 0.27291666666666664 0.554296875 0.26805555555555555 0.551171875 0.26944444444444443 0.5484375 0.27708333333333335 0.5487809703125001 0.2783850625 0.54913615234375 0.2795211097222222 0.552759 0.2872209763888889 0.5536824703125001 0.29504706805555553 0.5523327835937499 0.30514525694444444 0.5524038171875 0.3129713486111111 0.55446386796875 0.3225646263888889 0.5570922070312501 0.3305169444444444 0.5575894609375001 0.34642159027777775 0.5560977031250001 0.35967545833333336 0.552734375 0.3680555555555556 0.55859375 0.35625 0.5625 0.33819444444444446
1 0.6984375 0.32569444444444445 0.69296875 0.30069444444444443 0.69453125 0.27152777777777776 0.690234375 0.2652777777777778 0.68515625 0.27152777777777776 0.6859375 0.30069444444444443 0.68125 0.3229166666666667 0.68125 0.33958333333333335 0.684375 0.3576388888888889 0.69296875 0.36041666666666666 0.69765625 0.34375 0.6984375 0.32569444444444445
0 0.56171875 0.42430555555555555 0.555078125 0.40555555555555556 0.540234375 0.4013888888888889 0.53046875 0.4131944444444444 0.52734375 0.4395833333333333 0.536328125 0.4597222222222222 0.5484375 0.4618055555555556 0.56015625 0.44513888888888886 0.56171875 0.42430555555555555