1 0.06979166666666667 0.7671296296296296 0.07291666666666667 0.7412037037037037 0.07135416666666666 0.711574074074074 0.0609375 0.6763888888888889 0.0640625 0.6069444444444444 0.061197916666666664 0.5962962962962963 0.05546875 0.5925925925925926 0.04453125 0.5962962962962963 0.03958333333333333 0.6069444444444444 0.04114583333333333 0.6763888888888889 0.030729166666666665 0.7106481481481481 0.026041666666666668 0.7384259259259259 0.027083333333333334 0.7625 0.035416666666666666 0.799537037037037 0.04140625 0.8046296296296296 0.052083333333333336 0.8041666666666667 0.06145833333333333 0.7967592592592593 0.06979166666666667 0.7671296296296296
1 0.090625 0.711574074074074 0.08489583333333334 0.6680555555555555 0.08020833333333334 0.6504629629629629 0.0828125 0.6041666666666666 0.08177083333333333 0.5902777777777778 0.07265625 0.5851851851851851 0.0640625 0.5930555555555556 0.06197916666666667 0.6763888888888889 0.07239583333333334 0.7180555555555556 0.0703125 0.7671296296296296 0.07708333333333334 0.7671296296296296 0.0875 0.7393518518518518 0.090625 0.711574074074074
1 0.10104166666666667 0.7134259259259259 0.10364583333333334 0.6773148148148148 0.09479166666666666 0.6421296296296296 0.09739583333333333 0.5921296296296297 0.09453125 0.5842592592592593 0.08567708333333333 0.5814814814814815 0.08125 0.5856481481481481 0.0828125 0.600462962962963 0.08072916666666667 0.6504629629629629 0.0890625 0.6995370370370371 0.08802083333333334 0.7384259259259259 0.09114583333333333 0.7393518518518518 0.0953125 0.7356481481481482 0.10104166666666667 0.7134259259259259
1 0.15729166666666666 0.7523148148148148 0.16614583333333333 0.6939814814814815 0.16145833333333334 0.6597222222222222 0.16302083333333334 0.5986111111111111 0.15755208333333334 0.5861111111111111 0.14869791666666668 0.5879629629629629 0.14166666666666666 0.5995370370370371 0.14270833333333333 0.6569444444444444 0.13489583333333333 0.6837962962962963 0.13072916666666667 0.7097222222222223 0.13125 0.7273148148148149 0.1375 0.7662037037037037 0.14088541666666668 0.7712962962962963 0.14947916666666666 0.7717592592592593 0.15364583333333334 0.7671296296296296 0.15729166666666666 0.7523148148148148
1 0.03229166666666667 0.7013888888888888 0.03333333333333333 0.6828703703703703 0.03229166666666667 0.6699074074074074 0.0234375 0.6375 0.0265625 0.5902777777777778 0.024739583333333332 0.5851851851851851 0.015364583333333333 0.5796296296296296 0.009635416666666667 0.5833333333333334 0.00625 0.5930555555555556 0.0078125 0.6375 0.0046875 0.6569444444444444 0.010416666666666666 0.6865740740740741 0.009895833333333333 0.7347222222222223 0.01171875 0.7379629629629629 0.0203125 0.7393518518518518 0.025 0.7356481481481482 0.03229166666666667 0.7013888888888888
1 0.403125 0.6393518518518518 0.40572916666666664 0.5828703703703704 0.3984375 0.5449074074074074 0.3924479166666667 0.5416666666666666 0.3875 0.5467592592592593 0.378125 0.5902777777777778 0.3770833333333333 0.6097222222222223 0.3802083333333333 0.638425925925926 0.384375 0.6550925925925926 0.39375 0.6578703703703703 0.39947916666666666 0.6532407407407408 0.403125 0.6393518518518518
1 0.42864583333333334 0.6671296296296296 0.43385416666666665 0.6430555555555556 0.4359375 0.6125 0.43385416666666665 0.5884259259259259 0.4236979166666667 0.5444444444444444 0.4197916666666667 0.5449074074074074 0.421875 0.5476851851851852 0.4200520833333333 0.5546296296296296 0.415625 0.5486111111111112 0.40729166666666666 0.5819444444444445 0.4036458333333333 0.6125 0.4041666666666667 0.6402777777777777 0.409375 0.6680555555555555 0.41171875 0.6712962962962963 0.42083333333333334 0.6717592592592593 0.42578125 0.6712962962962963 0.42864583333333334 0.6671296296296296
1 0.46510416666666665 0.6912037037037037 0.47239583333333335 0.6560185185185186 0.47239583333333335 0.6402777777777777 0.4708333333333333 0.6032407407407407 0.46197916666666666 0.5652777777777778 0.4630208333333333 0.5513888888888889 0.46067708333333335 0.5462962962962963 0.45026041666666666 0.5444444444444444 0.4479166666666667 0.5486111111111112 0.446875 0.5717592592592593 0.4359375 0.6134259259259259 0.4354166666666667 0.6467592592592593 0.44375 0.6939814814814815 0.45208333333333334 0.6976851851851852 0.46119791666666665 0.6972222222222222 0.46510416666666665 0.6912037037037037
1 0.515625 0.7060185185185185 0.5223958333333333 0.6643518518518519 0.5229166666666667 0.6263888888888889 0.5208333333333334 0.6078703703703704 0.5130208333333334 0.5791666666666667 0.5104166666666666 0.5467592592592593 0.49713541666666666 0.5444444444444444 0.49322916666666666 0.5476851851851852 0.490625 0.5745370370370371 0.4791666666666667 0.6263888888888889 0.478125 0.6587962962962963 0.484375 0.7032407407407407 0.4890625 0.7189814814814814 0.4934895833333333 0.7240740740740741 0.5036458333333333 0.7236111111111111 0.5096354166666667 0.7222222222222222 0.515625 0.7060185185185185
1 0.565625 0.6717592592592593 0.5703125 0.6430555555555556 0.5708333333333333 0.611574074074074 0.5598958333333334 0.5643518518518519 0.5588541666666667 0.5486111111111112 0.5486979166666667 0.5462962962962963 0.5442708333333334 0.5504629629629629 0.5442708333333334 0.5652777777777778 0.540625 0.5717592592592593 0.5375 0.5912037037037037 0.5328125 0.5986111111111111 0.5307291666666667 0.6282407407407408 0.5322916666666667 0.6476851851851851 0.5411458333333333 0.6893518518518519 0.5450520833333333 0.6925925925925925 0.5552083333333333 0.6930555555555555 0.5614583333333333 0.6902777777777778 0.565625 0.6717592592592593
1 0.603125 0.6421296296296296 0.6036458333333333 0.6013888888888889 0.5947916666666667 0.5476851851851852 0.5924479166666666 0.5444444444444444 0.5846354166666666 0.5444444444444444 0.571875 0.6013888888888889 0.571875 0.6375 0.58046875 0.6731481481481482 0.5932291666666667 0.674537037037037 0.596875 0.6717592592592593 0.603125 0.6421296296296296
1 0.628125 0.6282407407407408 0.6296875 0.5976851851851852 0.6203125 0.5458333333333333 0.6158854166666666 0.5416666666666666 0.609375 0.5458333333333333 0.6026041666666667 0.5791666666666667 0.6036458333333333 0.6421296296296296 0.6080729166666666 0.6564814814814814 0.61875 0.6578703703703703 0.6229166666666667 0.6523148148148148 0.628125 0.6282407407407408