1 0.43828125 0.6229166666666667 0.44140625 0.5604166666666667 0.421875 0.4673611111111111 0.42109375 0.4326388888888889 0.425 0.3840277777777778 0.395703125 0.3819444444444444 0.39296875 0.3909722222222222 0.396875 0.46597222222222223 0.38046875 0.5423611111111111 0.3796875 0.5951388888888889 0.3890625 0.6548611111111111 0.39609375 0.6784722222222223 0.415625 0.68125 0.428125 0.66875 0.43828125 0.6229166666666667
1 0.5046875 0.6784722222222223 0.5140625 0.6215277777777778 0.5140625 0.5743055555555555 0.50703125 0.5034722222222222 0.50078125 0.49930555555555556 0.4953125 0.4798611111111111 0.4953125 0.44513888888888886 0.50078125 0.3854166666666667 0.469140625 0.3819444444444444 0.465625 0.3840277777777778 0.46484375 0.40069444444444446 0.46953125 0.44513888888888886 0.46953125 0.48819444444444443 0.45234375 0.5645833333333333 0.45234375 0.6215277777777778 0.46796875 0.6993055555555555 0.48828125 0.7034722222222223 0.497265625 0.7 0.5046875 0.6784722222222223
1 0.5890625 0.6479166666666667 0.59609375 0.6090277777777777 0.59765625 0.5798611111111112 0.59453125 0.5465277777777777 0.578125 0.46597222222222223 0.58125 0.3840277777777778 0.552734375 0.3819444444444444 0.55 0.3840277777777778 0.55 0.3923611111111111 0.5546875 0.46041666666666664 0.53828125 0.5340277777777778 0.5359375 0.5895833333333333 0.54453125 0.6465277777777778 0.55234375 0.6756944444444445 0.557421875 0.6805555555555556 0.57421875 0.6798611111111111 0.58125 0.6756944444444445 0.5890625 0.6479166666666667
1 0.67421875 0.6173611111111111 0.68046875 0.56875 0.68046875 0.53125 0.6734375 0.48819444444444443 0.6609375 0.4423611111111111 0.66171875 0.38680555555555557 0.637109375 0.3819444444444444 0.6359375 0.4409722222222222 0.61953125 0.5215277777777778 0.61875 0.5659722222222222 0.63515625 0.6506944444444445 0.643359375 0.6583333333333333 0.6609375 0.6576388888888889 0.66640625 0.6493055555555556 0.67421875 0.6173611111111111
1 0.76171875 0.5673611111111111 0.76328125 0.5020833333333333 0.7453125 0.41875 0.74296875 0.38819444444444445 0.740234375 0.38333333333333336 0.728515625 0.3819444444444444 0.72265625 0.38819444444444445 0.721875 0.41875 0.70546875 0.48125 0.70234375 0.54375 0.7171875 0.6243055555555556 0.726171875 0.6319444444444444 0.746875 0.63125 0.753125 0.6215277777777778 0.76171875 0.5673611111111111
1 0.60703125 0.5104166666666666 0.5890625 0.42291666666666666 0.58828125 0.38958333333333334 0.584765625 0.3819444444444444 0.5796875 0.40625 0.578125 0.46041666666666664 0.59453125 0.5451388888888888 0.596875 0.5951388888888889 0.6046875 0.5659722222222222 0.60703125 0.5104166666666666
1 0.52421875 0.5298611111111111 0.51875 0.4951388888888889 0.50546875 0.4465277777777778 0.50625 0.38680555555555557 0.501953125 0.38333333333333336 0.49921875 0.3909722222222222 0.49453125 0.46875 0.496875 0.4895833333333333 0.51015625 0.5215277777777778 0.51484375 0.6215277777777778 0.5234375 0.5826388888888889 0.52421875 0.5298611111111111
1 0.45234375 0.5104166666666666 0.446875 0.47291666666666665 0.4359375 0.43125 0.43203125 0.3909722222222222 0.427734375 0.38333333333333336 0.42109375 0.4340277777777778 0.421875 0.46041666666666664 0.440625 0.5493055555555556 0.44140625 0.6048611111111111 0.44375 0.60625 0.45234375 0.5604166666666667 0.45234375 0.5104166666666666
1 0.3609375 0.6270833333333333 0.36875 0.5756944444444444 0.36953125 0.5340277777777778 0.365625 0.5034722222222222 0.35078125 0.4423611111111111 0.35078125 0.3840277777777778 0.326953125 0.38333333333333336 0.3234375 0.38958333333333334 0.325 0.4465277777777778 0.309375 0.5145833333333333 0.3078125 0.5701388888888889 0.31015625 0.5965277777777778 0.321875 0.6493055555555556 0.326953125 0.6583333333333333 0.34140625 0.6590277777777778 0.353515625 0.6513888888888889 0.3609375 0.6270833333333333
1 0.29375 0.5784722222222223 0.2984375 0.5465277777777777 0.2984375 0.5076388888888889 0.28046875 0.42291666666666666 0.278125 0.3840277777777778 0.261328125 0.3819444444444444 0.2546875 0.3909722222222222 0.2546875 0.42569444444444443 0.2390625 0.4895833333333333 0.2359375 0.5479166666666667 0.25 0.6284722222222222 0.255078125 0.6347222222222222 0.275 0.6340277777777777 0.284375 0.6243055555555556 0.29375 0.5784722222222223
0 0.67421875 0.8631944444444445 0.68828125 0.81875 0.68984375 0.7715277777777778 0.68125 0.7340277777777777 0.664453125 0.7027777777777777 0.646484375 0.6888888888888889 0.620703125 0.6888888888888889 0.605078125 0.6972222222222222 0.594140625 0.7097222222222223 0.5796875 0.7395833333333334 0.57421875 0.7645833333333333 0.57421875 0.8173611111111111 0.58203125 0.8479166666666667 0.596875 0.8798611111111111 0.5953125 0.8868055555555555 0.598046875 0.8930555555555556 0.6359375 0.8993055555555556 0.659765625 0.8833333333333333 0.67421875 0.8631944444444445